0 0.0 0.0 1.0
1 0.0032 0.0368 0.96
2 0.0096 0.0512 0.9392
3 0.016 0.0576 0.9264
4 0.0224 0.064 0.9136
5 0.0368 0.0624 0.9008
6 0.0528 0.0512 0.896
7 0.0688 0.04 0.8912
8 0.0768 0.04 0.8832
9 0.08 0.0464 0.8736
10 0.0864 0.048 0.8656
11 0.0864 0.056 0.8576
12 0.0896 0.064 0.8464
13 0.1024 0.0576 0.84
14 0.1088 0.0608 0.8304
15 0.1152 0.0656 0.8192
16 0.1184 0.064 0.8176
17 0.12 0.0688 0.8112
18 0.1248 0.0672 0.808
19 0.1344 0.064 0.8016
20 0.144 0.0576 0.7984
21 0.144 0.0624 0.7936
22 0.1488 0.0592 0.792
23 0.1536 0.0544 0.792
24 0.1536 0.0624 0.784
25 0.1616 0.0592 0.7792
26 0.1648 0.0624 0.7728
27 0.1664 0.0656 0.768
28 0.1696 0.0704 0.76
29 0.1712 0.0752 0.7536
30 0.1776 0.0768 0.7456
31 0.1792 0.0784 0.7424
32 0.1824 0.0816 0.736
33 0.184 0.0848 0.7312
34 0.1888 0.0848 0.7264
35 0.192 0.0832 0.7248
36 0.1936 0.088 0.7184
37 0.1952 0.0912 0.7136
38 0.1984 0.0912 0.7104
39 0.1984 0.0944 0.7072
40 0.2016 0.0928 0.7056
41 0.2032 0.0944 0.7024
42 0.2032 0.1024 0.6944
43 0.2032 0.1056 0.6912
44 0.2048 0.104 0.6912
45 0.2064 0.1056 0.688
46 0.208 0.1056 0.6864
47 0.2128 0.1024 0.6848
48 0.2144 0.104 0.6816
49 0.216 0.1056 0.6784
50 0.2192 0.1056 0.6752
51 0.2208 0.1104 0.6688
52 0.2208 0.1104 0.6688
53 0.2224 0.1136 0.664
54 0.2224 0.1168 0.6608
55 0.224 0.1184 0.6576
56 0.2288 0.1152 0.656
57 0.2352 0.112 0.6528
58 0.2368 0.1152 0.648
59 0.2368 0.12 0.6432
60 0.2368 0.1216 0.6416
61 0.2368 0.1232 0.64
62 0.2432 0.12 0.6368
63 0.2432 0.1232 0.6336
64 0.2448 0.1248 0.6304
65 0.248 0.1232 0.6288
66 0.2528 0.1248 0.6224
67 0.2544 0.1248 0.6208
68 0.2576 0.1296 0.6128
69 0.2608 0.1264 0.6128
70 0.2608 0.1312 0.608
71 0.2624 0.1312 0.6064
72 0.2656 0.128 0.6064
73 0.2672 0.1296 0.6032
74 0.2688 0.1344 0.5968
75 0.2704 0.1376 0.592
76 0.2736 0.1376 0.5888
77 0.2752 0.1376 0.5872
78 0.2784 0.1344 0.5872
79 0.28 0.136 0.584
80 0.2848 0.136 0.5792
81 0.2864 0.1344 0.5792
82 0.288 0.136 0.576
83 0.2912 0.136 0.5728
84 0.3024 0.1296 0.568
85 0.3024 0.1344 0.5632
86 0.3104 0.1312 0.5584
87 0.312 0.1376 0.5504
88 0.3136 0.1408 0.5456
89 0.3168 0.1392 0.544
90 0.3184 0.1408 0.5408
91 0.32 0.1408 0.5392
92 0.32 0.1424 0.5376
93 0.3216 0.144 0.5344
94 0.3264 0.144 0.5296
95 0.328 0.1472 0.5248
96 0.3312 0.1472 0.5216
97 0.336 0.1472 0.5168
98 0.3376 0.1488 0.5136
99 0.344 0.1456 0.5104
100 0.0 0.0 1.0
