0 0.0 0.0 1.0
1 0.0048 0.0272 0.968
2 0.024 0.032 0.944
3 0.0448 0.0272 0.928
4 0.0592 0.0304 0.9104
5 0.0672 0.0272 0.9056
6 0.0768 0.024 0.8992
7 0.0768 0.0304 0.8928
8 0.08 0.0464 0.8736
9 0.0864 0.0464 0.8672
10 0.0944 0.0496 0.856
11 0.1072 0.0432 0.8496
12 0.12 0.0352 0.8448
13 0.1264 0.032 0.8416
14 0.128 0.0352 0.8368
15 0.1408 0.0256 0.8336
16 0.1472 0.0256 0.8272
17 0.1504 0.024 0.8256
18 0.1536 0.0272 0.8192
19 0.16 0.0272 0.8128
20 0.1648 0.0352 0.8
21 0.1664 0.0368 0.7968
22 0.1712 0.0352 0.7936
23 0.176 0.032 0.792
24 0.1792 0.0352 0.7856
25 0.1792 0.0368 0.784
26 0.1808 0.0368 0.7824
27 0.1824 0.0384 0.7792
28 0.1872 0.0384 0.7744
29 0.1904 0.04 0.7696
30 0.1904 0.0416 0.768
31 0.1952 0.04 0.7648
32 0.1968 0.0448 0.7584
33 0.1984 0.0448 0.7568
34 0.1984 0.048 0.7536
35 0.2048 0.0464 0.7488
36 0.208 0.0464 0.7456
37 0.2128 0.0464 0.7408
38 0.2144 0.048 0.7376
39 0.2144 0.0512 0.7344
40 0.2144 0.0528 0.7328
41 0.216 0.0544 0.7296
42 0.216 0.0576 0.7264
43 0.2208 0.0544 0.7248
44 0.224 0.0512 0.7248
45 0.2256 0.0496 0.7248
46 0.2272 0.0512 0.7216
47 0.2288 0.0528 0.7184
48 0.232 0.0528 0.7152
49 0.232 0.0576 0.7104
50 0.2336 0.0592 0.7072
51 0.2336 0.0592 0.7072
52 0.2352 0.064 0.7008
53 0.2352 0.072 0.6928
54 0.2368 0.0752 0.688
55 0.2384 0.0768 0.6848
56 0.2416 0.0736 0.6848
57 0.2448 0.0736 0.6816
58 0.2528 0.0656 0.6816
59 0.2576 0.0672 0.6752
60 0.2592 0.0672 0.6736
61 0.264 0.0656 0.6704
62 0.2656 0.0672 0.6672
63 0.2704 0.0688 0.6608
64 0.272 0.0672 0.6608
65 0.2768 0.064 0.6592
66 0.2768 0.0656 0.6576
67 0.2768 0.0656 0.6576
68 0.2784 0.0688 0.6528
69 0.2784 0.0704 0.6512
70 0.2784 0.0752 0.6464
71 0.2832 0.072 0.6448
72 0.2848 0.072 0.6432
73 0.2864 0.072 0.6416
74 0.288 0.0736 0.6384
75 0.2912 0.0736 0.6352
76 0.2944 0.0736 0.632
77 0.2992 0.0784 0.6224
78 0.3008 0.08 0.6192
79 0.3056 0.0816 0.6128
80 0.3072 0.0848 0.608
81 0.3088 0.0896 0.6016
82 0.3088 0.096 0.5952
83 0.3152 0.0912 0.5936
84 0.3152 0.0912 0.5936
85 0.3168 0.0912 0.592
86 0.3216 0.088 0.5904
87 0.3232 0.0912 0.5856
88 0.3248 0.0944 0.5808
89 0.3248 0.0976 0.5776
90 0.328 0.1008 0.5712
91 0.3312 0.0976 0.5712
92 0.3328 0.0976 0.5696
93 0.3376 0.0928 0.5696
94 0.3456 0.088 0.5664
95 0.3488 0.0896 0.5616
96 0.352 0.0912 0.5568
97 0.3552 0.0896 0.5552
98 0.3568 0.088 0.5552
99 0.3584 0.0896 0.552
100 0.0 0.0 1.0
