0 0.0 0.0 1.0
1 0.0 0.0016 0.9984
2 0.0 0.008 0.992
3 0.0 0.0256 0.9744
4 0.0 0.0432 0.9568
5 0.008 0.0496 0.9424
6 0.0128 0.0576 0.9296
7 0.032 0.0432 0.9248
8 0.0464 0.032 0.9216
9 0.0592 0.0208 0.92
10 0.0672 0.0176 0.9152
11 0.072 0.0224 0.9056
12 0.0768 0.0208 0.9024
13 0.0784 0.0224 0.8992
14 0.0784 0.032 0.8896
15 0.08 0.04 0.88
16 0.0832 0.0464 0.8704
17 0.0848 0.0496 0.8656
18 0.088 0.0576 0.8544
19 0.0912 0.0576 0.8512
20 0.0976 0.056 0.8464
21 0.1056 0.048 0.8464
22 0.112 0.0448 0.8432
23 0.12 0.0416 0.8384
24 0.1264 0.0448 0.8288
25 0.1296 0.0416 0.8288
26 0.1344 0.04 0.8256
27 0.136 0.04 0.824
28 0.1376 0.04 0.8224
29 0.1392 0.04 0.8208
30 0.1392 0.0432 0.8176
31 0.1456 0.0368 0.8176
32 0.1536 0.0304 0.816
33 0.1552 0.032 0.8128
34 0.1552 0.0336 0.8112
35 0.1568 0.0352 0.808
36 0.1568 0.0384 0.8048
37 0.1616 0.04 0.7984
38 0.1648 0.04 0.7952
39 0.1664 0.0384 0.7952
40 0.1664 0.04 0.7936
41 0.1728 0.0336 0.7936
42 0.1744 0.032 0.7936
43 0.1776 0.0288 0.7936
44 0.1792 0.032 0.7888
45 0.1792 0.032 0.7888
46 0.1792 0.0336 0.7872
47 0.1792 0.0352 0.7856
48 0.1808 0.0352 0.784
49 0.184 0.0336 0.7824
50 0.1856 0.0336 0.7808
51 0.1856 0.0368 0.7776
52 0.1904 0.0352 0.7744
53 0.1984 0.0288 0.7728
54 0.2 0.0272 0.7728
55 0.2 0.0288 0.7712
56 0.2 0.0288 0.7712
57 0.2016 0.0304 0.768
58 0.2016 0.0304 0.768
59 0.2016 0.0336 0.7648
60 0.2016 0.0384 0.76
61 0.2048 0.0384 0.7568
62 0.2064 0.0384 0.7552
63 0.208 0.0384 0.7536
64 0.208 0.04 0.752
65 0.208 0.0416 0.7504
66 0.2096 0.0416 0.7488
67 0.2112 0.0464 0.7424
68 0.2112 0.0528 0.736
69 0.2144 0.0496 0.736
70 0.2176 0.0496 0.7328
71 0.2176 0.0496 0.7328
72 0.2224 0.048 0.7296
73 0.2256 0.0496 0.7248
74 0.2256 0.0512 0.7232
75 0.2304 0.0464 0.7232
76 0.232 0.048 0.72
77 0.2336 0.0496 0.7168
78 0.2336 0.0512 0.7152
79 0.2352 0.0528 0.712
80 0.2352 0.056 0.7088
81 0.2368 0.056 0.7072
82 0.2368 0.0592 0.704
83 0.2384 0.0592 0.7024
84 0.2416 0.0592 0.6992
85 0.2416 0.0592 0.6992
86 0.2432 0.0608 0.696
87 0.2448 0.0624 0.6928
88 0.2496 0.0592 0.6912
89 0.2544 0.056 0.6896
90 0.2576 0.0544 0.688
91 0.2576 0.056 0.6864
92 0.2608 0.0544 0.6848
93 0.264 0.0544 0.6816
94 0.264 0.0544 0.6816
95 0.2656 0.0544 0.68
96 0.2704 0.0592 0.6704
97 0.2704 0.0624 0.6672
98 0.2768 0.0576 0.6656
99 0.2784 0.0576 0.664
100 0.0 0.0 1.0
