0 0.0 0.0 1.0
1 0.0 0.0 1.0
2 0.0 0.0 1.0
3 0.0 0.0 1.0
4 0.0 0.0 1.0
5 0.0 0.008 0.992
6 0.0 0.0128 0.9872
7 0.0016 0.0304 0.968
8 0.0048 0.0416 0.9536
9 0.008 0.0512 0.9408
10 0.016 0.0512 0.9328
11 0.0256 0.0464 0.928
12 0.0352 0.0416 0.9232
13 0.0464 0.032 0.9216
14 0.056 0.0224 0.9216
15 0.064 0.016 0.92
16 0.072 0.0112 0.9168
17 0.0768 0.008 0.9152
18 0.0784 0.0096 0.912
19 0.08 0.0112 0.9088
20 0.08 0.0176 0.9024
21 0.0832 0.0224 0.8944
22 0.0832 0.0288 0.888
23 0.0848 0.0352 0.88
24 0.0848 0.0416 0.8736
25 0.0864 0.0432 0.8704
26 0.0864 0.048 0.8656
27 0.0864 0.0496 0.864
28 0.088 0.0496 0.8624
29 0.096 0.0432 0.8608
30 0.0976 0.0416 0.8608
31 0.0992 0.0464 0.8544
32 0.1056 0.048 0.8464
33 0.1072 0.048 0.8448
34 0.1136 0.0416 0.8448
35 0.1152 0.0416 0.8432
36 0.1184 0.0384 0.8432
37 0.1232 0.0384 0.8384
38 0.1232 0.0416 0.8352
39 0.1232 0.0432 0.8336
40 0.128 0.0384 0.8336
41 0.1296 0.0432 0.8272
42 0.1328 0.0416 0.8256
43 0.1344 0.0432 0.8224
44 0.1344 0.0448 0.8208
45 0.1376 0.0416 0.8208
46 0.1408 0.0384 0.8208
47 0.144 0.0352 0.8208
48 0.1472 0.0336 0.8192
49 0.1536 0.0304 0.816
50 0.1536 0.032 0.8144
51 0.1568 0.0288 0.8144
52 0.1584 0.032 0.8096
53 0.16 0.0384 0.8016
54 0.1616 0.0384 0.8
55 0.1616 0.0384 0.8
56 0.1616 0.0384 0.8
57 0.1632 0.0384 0.7984
58 0.1632 0.0384 0.7984
59 0.1648 0.0368 0.7984
60 0.1648 0.0368 0.7984
61 0.1664 0.0384 0.7952
62 0.1664 0.04 0.7936
63 0.1696 0.0384 0.792
64 0.1696 0.0384 0.792
65 0.1728 0.0352 0.792
66 0.1744 0.0352 0.7904
67 0.1776 0.0336 0.7888
68 0.1776 0.0336 0.7888
69 0.1792 0.0352 0.7856
70 0.1792 0.0384 0.7824
71 0.1792 0.0384 0.7824
72 0.1808 0.0416 0.7776
73 0.1808 0.0448 0.7744
74 0.1824 0.0432 0.7744
75 0.184 0.0464 0.7696
76 0.184 0.048 0.768
77 0.184 0.0496 0.7664
78 0.1872 0.0464 0.7664
79 0.1872 0.048 0.7648
80 0.1904 0.0448 0.7648
81 0.1952 0.0416 0.7632
82 0.1952 0.0416 0.7632
83 0.1968 0.0416 0.7616
84 0.1984 0.0432 0.7584
85 0.1984 0.0432 0.7584
86 0.1984 0.0448 0.7568
87 0.2 0.0448 0.7552
88 0.2 0.0496 0.7504
89 0.2032 0.0512 0.7456
90 0.2048 0.0528 0.7424
91 0.2048 0.0528 0.7424
92 0.208 0.0528 0.7392
93 0.208 0.056 0.736
94 0.2144 0.0496 0.736
95 0.2144 0.0512 0.7344
96 0.216 0.0544 0.7296
97 0.2192 0.0512 0.7296
98 0.2208 0.056 0.7232
99 0.2272 0.0512 0.7216
100 0.0 0.0 1.0
