0 0.0 0.0 1.0
1 0.0 0.0 1.0
2 0.0 0.0 1.0
3 0.0 0.0 1.0
4 0.0 0.0 1.0
5 0.0 0.0 1.0
6 0.0 0.0 1.0
7 0.0 0.0016 0.9984
8 0.0 0.0048 0.9952
9 0.0 0.008 0.992
10 0.0 0.016 0.984
11 0.0016 0.024 0.9744
12 0.0032 0.032 0.9648
13 0.0032 0.0432 0.9536
14 0.0096 0.0464 0.944
15 0.0144 0.0496 0.936
16 0.0224 0.0496 0.928
17 0.0304 0.0464 0.9232
18 0.0336 0.0448 0.9216
19 0.0384 0.0416 0.92
20 0.056 0.024 0.92
21 0.0624 0.0208 0.9168
22 0.0656 0.0176 0.9168
23 0.0656 0.0192 0.9152
24 0.0704 0.0144 0.9152
25 0.072 0.0144 0.9136
26 0.0736 0.0128 0.9136
27 0.0784 0.008 0.9136
28 0.08 0.008 0.912
29 0.0816 0.0144 0.904
30 0.0816 0.016 0.9024
31 0.0832 0.016 0.9008
32 0.0848 0.0208 0.8944
33 0.0848 0.0224 0.8928
34 0.0848 0.0288 0.8864
35 0.0848 0.0304 0.8848
36 0.0848 0.0336 0.8816
37 0.0864 0.0368 0.8768
38 0.0864 0.0368 0.8768
39 0.0864 0.0368 0.8768
40 0.0896 0.0384 0.872
41 0.0912 0.0384 0.8704
42 0.0976 0.0352 0.8672
43 0.0992 0.0352 0.8656
44 0.104 0.0304 0.8656
45 0.1072 0.0304 0.8624
46 0.1072 0.0336 0.8592
47 0.1088 0.0352 0.856
48 0.1104 0.0368 0.8528
49 0.1104 0.0432 0.8464
50 0.112 0.0416 0.8464
51 0.112 0.0448 0.8432
52 0.1152 0.0432 0.8416
53 0.1152 0.0448 0.84
54 0.1152 0.0464 0.8384
55 0.1184 0.0432 0.8384
56 0.12 0.0416 0.8384
57 0.1264 0.0368 0.8368
58 0.128 0.0352 0.8368
59 0.128 0.0368 0.8352
60 0.1296 0.0352 0.8352
61 0.1296 0.0368 0.8336
62 0.1312 0.0352 0.8336
63 0.136 0.0336 0.8304
64 0.1376 0.032 0.8304
65 0.1392 0.0336 0.8272
66 0.1392 0.0352 0.8256
67 0.1392 0.0384 0.8224
68 0.1392 0.0384 0.8224
69 0.1392 0.04 0.8208
70 0.1408 0.0384 0.8208
71 0.144 0.0352 0.8208
72 0.144 0.0368 0.8192
73 0.144 0.0368 0.8192
74 0.1472 0.0352 0.8176
75 0.1488 0.0352 0.816
76 0.1504 0.0336 0.816
77 0.152 0.032 0.816
78 0.1536 0.0336 0.8128
79 0.1536 0.0336 0.8128
80 0.1552 0.0352 0.8096
81 0.1552 0.04 0.8048
82 0.1552 0.04 0.8048
83 0.1552 0.0416 0.8032
84 0.1552 0.0432 0.8016
85 0.1552 0.0432 0.8016
86 0.1552 0.0432 0.8016
87 0.1552 0.0448 0.8
88 0.1584 0.0416 0.8
89 0.16 0.0432 0.7968
90 0.16 0.0448 0.7952
91 0.1616 0.0432 0.7952
92 0.1648 0.0432 0.792
93 0.1664 0.0416 0.792
94 0.1664 0.048 0.7856
95 0.168 0.0464 0.7856
96 0.1696 0.0464 0.784
97 0.1696 0.0496 0.7808
98 0.1696 0.0512 0.7792
99 0.1712 0.056 0.7728
100 0.0 0.0 1.0
