0 0.0 0.0 1.0
1 0.0 0.0 1.0
2 0.0 0.0096 0.9904
3 0.0 0.0192 0.9808
4 0.0032 0.0304 0.9664
5 0.0112 0.0288 0.96
6 0.0256 0.0256 0.9488
7 0.0272 0.0416 0.9312
8 0.04 0.0352 0.9248
9 0.0528 0.0304 0.9168
10 0.064 0.024 0.912
11 0.064 0.0272 0.9088
12 0.0656 0.032 0.9024
13 0.0736 0.0256 0.9008
14 0.0768 0.024 0.8992
15 0.0816 0.0272 0.8912
16 0.0832 0.0304 0.8864
17 0.0896 0.0272 0.8832
18 0.0928 0.032 0.8752
19 0.096 0.0336 0.8704
20 0.096 0.04 0.864
21 0.0992 0.0416 0.8592
22 0.1024 0.0416 0.856
23 0.104 0.0432 0.8528
24 0.112 0.0416 0.8464
25 0.112 0.0448 0.8432
26 0.1136 0.0464 0.84
27 0.1136 0.0496 0.8368
28 0.1152 0.0528 0.832
29 0.1232 0.0496 0.8272
30 0.1312 0.0432 0.8256
31 0.1408 0.0368 0.8224
32 0.1456 0.0352 0.8192
33 0.1504 0.0352 0.8144
34 0.1536 0.0336 0.8128
35 0.1552 0.0336 0.8112
36 0.1584 0.0304 0.8112
37 0.1616 0.0288 0.8096
38 0.1648 0.0272 0.808
39 0.1664 0.0288 0.8048
40 0.1664 0.0288 0.8048
41 0.1696 0.0272 0.8032
42 0.1696 0.0304 0.8
43 0.1712 0.0304 0.7984
44 0.1712 0.0304 0.7984
45 0.1728 0.0304 0.7968
46 0.1744 0.0304 0.7952
47 0.1792 0.0256 0.7952
48 0.1792 0.0272 0.7936
49 0.1824 0.0256 0.792
50 0.184 0.0256 0.7904
51 0.1872 0.0256 0.7872
52 0.1872 0.0256 0.7872
53 0.192 0.0224 0.7856
54 0.1936 0.024 0.7824
55 0.1952 0.0224 0.7824
56 0.1968 0.024 0.7792
57 0.1968 0.0272 0.776
58 0.1984 0.0272 0.7744
59 0.1984 0.0272 0.7744
60 0.2 0.0336 0.7664
61 0.2 0.0384 0.7616
62 0.2016 0.0384 0.76
63 0.2032 0.04 0.7568
64 0.2048 0.04 0.7552
65 0.2096 0.0368 0.7536
66 0.2144 0.0336 0.752
67 0.216 0.0352 0.7488
68 0.2192 0.032 0.7488
69 0.2192 0.032 0.7488
70 0.2208 0.032 0.7472
71 0.2208 0.032 0.7472
72 0.2224 0.032 0.7456
73 0.2224 0.0336 0.744
74 0.224 0.0336 0.7424
75 0.224 0.0336 0.7424
76 0.2256 0.032 0.7424
77 0.2256 0.032 0.7424
78 0.2256 0.032 0.7424
79 0.2272 0.0368 0.736
80 0.2288 0.0368 0.7344
81 0.2288 0.04 0.7312
82 0.2304 0.04 0.7296
83 0.2336 0.04 0.7264
84 0.2352 0.0416 0.7232
85 0.24 0.0416 0.7184
86 0.24 0.0464 0.7136
87 0.24 0.0464 0.7136
88 0.2416 0.048 0.7104
89 0.2448 0.0464 0.7088
90 0.2448 0.0464 0.7088
91 0.2464 0.0496 0.704
92 0.2464 0.0496 0.704
93 0.2464 0.0496 0.704
94 0.2512 0.0528 0.696
95 0.2528 0.0528 0.6944
96 0.256 0.0496 0.6944
97 0.2592 0.0544 0.6864
98 0.264 0.0544 0.6816
99 0.2672 0.0528 0.68
100 0.0 0.0 1.0
