0 0.0 0.0 1.0
1 0.0 0.0 1.0
2 0.0 0.0016 0.9984
3 0.0 0.0064 0.9936
4 0.0 0.0208 0.9792
5 0.0 0.0336 0.9664
6 0.0 0.0368 0.9632
7 0.0016 0.0464 0.952
8 0.0032 0.056 0.9408
9 0.0032 0.064 0.9328
10 0.0048 0.0688 0.9264
11 0.016 0.0608 0.9232
12 0.024 0.0544 0.9216
13 0.0256 0.056 0.9184
14 0.0288 0.0576 0.9136
15 0.0368 0.0544 0.9088
16 0.0416 0.056 0.9024
17 0.0496 0.0512 0.8992
18 0.056 0.0496 0.8944
19 0.064 0.0464 0.8896
20 0.0656 0.0464 0.888
21 0.0672 0.0448 0.888
22 0.0704 0.0464 0.8832
23 0.072 0.0512 0.8768
24 0.0736 0.056 0.8704
25 0.0736 0.0608 0.8656
26 0.0784 0.0608 0.8608
27 0.0816 0.0624 0.856
28 0.0848 0.0656 0.8496
29 0.0896 0.0656 0.8448
30 0.0944 0.0656 0.84
31 0.0944 0.0688 0.8368
32 0.096 0.072 0.832
33 0.096 0.0768 0.8272
34 0.096 0.0784 0.8256
35 0.096 0.08 0.824
36 0.0976 0.08 0.8224
37 0.0992 0.08 0.8208
38 0.1024 0.0784 0.8192
39 0.1072 0.0736 0.8192
40 0.1136 0.0688 0.8176
41 0.1136 0.0688 0.8176
42 0.1168 0.0688 0.8144
43 0.1232 0.064 0.8128
44 0.128 0.0608 0.8112
45 0.1312 0.0592 0.8096
46 0.1344 0.056 0.8096
47 0.1344 0.0608 0.8048
48 0.136 0.064 0.8
49 0.1376 0.064 0.7984
50 0.1392 0.0624 0.7984
51 0.1424 0.0608 0.7968
52 0.1424 0.0624 0.7952
53 0.1472 0.0576 0.7952
54 0.1504 0.0544 0.7952
55 0.152 0.0528 0.7952
56 0.1552 0.0496 0.7952
57 0.1568 0.0512 0.792
58 0.16 0.048 0.792
59 0.1616 0.0496 0.7888
60 0.1616 0.0528 0.7856
61 0.1616 0.056 0.7824
62 0.1616 0.0576 0.7808
63 0.1632 0.0592 0.7776
64 0.1648 0.0624 0.7728
65 0.1664 0.0608 0.7728
66 0.1696 0.0592 0.7712
67 0.1696 0.0592 0.7712
68 0.1696 0.0592 0.7712
69 0.1712 0.0592 0.7696
70 0.1712 0.0608 0.768
71 0.1728 0.0592 0.768
72 0.1728 0.0592 0.768
73 0.1744 0.0592 0.7664
74 0.1776 0.0576 0.7648
75 0.1776 0.0576 0.7648
76 0.1776 0.0608 0.7616
77 0.1776 0.0624 0.76
78 0.1776 0.0624 0.76
79 0.1792 0.0608 0.76
80 0.1808 0.0592 0.76
81 0.184 0.0608 0.7552
82 0.1872 0.0576 0.7552
83 0.1872 0.0592 0.7536
84 0.1872 0.0656 0.7472
85 0.1872 0.0656 0.7472
86 0.1888 0.064 0.7472
87 0.1904 0.0656 0.744
88 0.1904 0.0688 0.7408
89 0.1904 0.0704 0.7392
90 0.1904 0.072 0.7376
91 0.192 0.0736 0.7344
92 0.192 0.0736 0.7344
93 0.192 0.0752 0.7328
94 0.192 0.0784 0.7296
95 0.1952 0.08 0.7248
96 0.1952 0.0816 0.7232
97 0.1968 0.0816 0.7216
98 0.1968 0.0848 0.7184
99 0.2 0.0848 0.7152
100 0.0 0.0 1.0
