0 0.0 0.0 1.0
1 0.0 0.0416 0.9584
2 0.0096 0.0576 0.9328
3 0.0192 0.0624 0.9184
4 0.0336 0.0576 0.9088
5 0.04 0.0656 0.8944
6 0.0512 0.0592 0.8896
7 0.0688 0.0528 0.8784
8 0.0752 0.0576 0.8672
9 0.0832 0.0544 0.8624
10 0.088 0.0544 0.8576
11 0.0912 0.056 0.8528
12 0.0976 0.056 0.8464
13 0.0992 0.0608 0.84
14 0.1008 0.064 0.8352
15 0.1088 0.0624 0.8288
16 0.1136 0.0624 0.824
17 0.1168 0.0656 0.8176
18 0.1248 0.0592 0.816
19 0.1296 0.064 0.8064
20 0.136 0.0624 0.8016
21 0.1408 0.0656 0.7936
22 0.144 0.0624 0.7936
23 0.1472 0.0624 0.7904
24 0.1536 0.0576 0.7888
25 0.1568 0.0672 0.776
26 0.16 0.0704 0.7696
27 0.1632 0.0688 0.768
28 0.168 0.072 0.76
29 0.1728 0.0688 0.7584
30 0.1744 0.072 0.7536
31 0.1776 0.0704 0.752
32 0.1808 0.0672 0.752
33 0.1856 0.0688 0.7456
34 0.1872 0.0688 0.744
35 0.1888 0.0736 0.7376
36 0.1888 0.0752 0.736
37 0.1904 0.0768 0.7328
38 0.192 0.0768 0.7312
39 0.1952 0.0784 0.7264
40 0.1952 0.0816 0.7232
41 0.1968 0.08 0.7232
42 0.2 0.08 0.72
43 0.2016 0.0832 0.7152
44 0.2016 0.088 0.7104
45 0.2032 0.0928 0.704
46 0.2048 0.0928 0.7024
47 0.2048 0.0928 0.7024
48 0.2064 0.096 0.6976
49 0.208 0.0992 0.6928
50 0.208 0.1008 0.6912
51 0.2112 0.0992 0.6896
52 0.2112 0.1008 0.688
53 0.2128 0.1024 0.6848
54 0.216 0.1024 0.6816
55 0.216 0.104 0.68
56 0.2192 0.1024 0.6784
57 0.2224 0.1056 0.672
58 0.224 0.104 0.672
59 0.224 0.1072 0.6688
60 0.232 0.1008 0.6672
61 0.2368 0.0992 0.664
62 0.2384 0.1008 0.6608
63 0.2416 0.0992 0.6592
64 0.2432 0.0976 0.6592
65 0.2448 0.096 0.6592
66 0.2464 0.0992 0.6544
67 0.2496 0.0976 0.6528
68 0.2496 0.1008 0.6496
69 0.2496 0.1104 0.64
70 0.2512 0.1136 0.6352
71 0.2512 0.1184 0.6304
72 0.2528 0.12 0.6272
73 0.2544 0.1232 0.6224
74 0.256 0.1248 0.6192
75 0.256 0.1264 0.6176
76 0.256 0.1328 0.6112
77 0.256 0.136 0.608
78 0.256 0.1376 0.6064
79 0.2624 0.1328 0.6048
80 0.264 0.136 0.6
81 0.2672 0.1376 0.5952
82 0.2688 0.1392 0.592
83 0.2704 0.1376 0.592
84 0.2736 0.1392 0.5872
85 0.2784 0.1376 0.584
86 0.2832 0.1376 0.5792
87 0.2832 0.1424 0.5744
88 0.2864 0.144 0.5696
89 0.288 0.1424 0.5696
90 0.288 0.1488 0.5632
91 0.2928 0.152 0.5552
92 0.2928 0.1536 0.5536
93 0.2928 0.1552 0.552
94 0.3008 0.1504 0.5488
95 0.3024 0.1488 0.5488
96 0.3024 0.152 0.5456
97 0.3104 0.1504 0.5392
98 0.3152 0.1456 0.5392
99 0.3168 0.1504 0.5328
100 0.0 0.0 1.0
