0 0.0 0.0 1.0
1 0.0 0.0 1.0
2 0.0 0.0 1.0
3 0.0 0.0 1.0
4 0.0 0.0 1.0
5 0.0 0.0 1.0
6 0.0 0.0 1.0
7 0.0 0.0032 0.9968
8 0.0032 0.0016 0.9952
9 0.0032 0.0064 0.9904
10 0.0032 0.0208 0.976
11 0.0032 0.0304 0.9664
12 0.008 0.0288 0.9632
13 0.0128 0.0272 0.96
14 0.0128 0.0336 0.9536
15 0.0224 0.032 0.9456
16 0.0288 0.0368 0.9344
17 0.0336 0.0336 0.9328
18 0.04 0.032 0.928
19 0.0416 0.0336 0.9248
20 0.0448 0.032 0.9232
21 0.0528 0.0272 0.92
22 0.0576 0.0224 0.92
23 0.0592 0.024 0.9168
24 0.0592 0.0272 0.9136
25 0.064 0.0288 0.9072
26 0.0704 0.0288 0.9008
27 0.0752 0.0256 0.8992
28 0.0752 0.0288 0.896
29 0.0784 0.0272 0.8944
30 0.08 0.0256 0.8944
31 0.0816 0.0256 0.8928
32 0.0832 0.024 0.8928
33 0.0864 0.024 0.8896
34 0.0912 0.0192 0.8896
35 0.0928 0.0192 0.888
36 0.0928 0.024 0.8832
37 0.0944 0.0304 0.8752
38 0.0944 0.0352 0.8704
39 0.0944 0.0384 0.8672
40 0.0944 0.0448 0.8608
41 0.0976 0.0448 0.8576
42 0.0992 0.0432 0.8576
43 0.1056 0.0368 0.8576
44 0.1104 0.0368 0.8528
45 0.1152 0.0352 0.8496
46 0.12 0.032 0.848
47 0.1216 0.0304 0.848
48 0.1216 0.032 0.8464
49 0.1232 0.0304 0.8464
50 0.1248 0.0288 0.8464
51 0.1264 0.0272 0.8464
52 0.1296 0.0256 0.8448
53 0.1312 0.0256 0.8432
54 0.1328 0.0272 0.84
55 0.1344 0.0272 0.8384
56 0.1344 0.0336 0.832
57 0.136 0.032 0.832
58 0.1408 0.0272 0.832
59 0.144 0.024 0.832
60 0.1456 0.0224 0.832
61 0.1456 0.0224 0.832
62 0.1456 0.0256 0.8288
63 0.1456 0.0272 0.8272
64 0.1456 0.0304 0.824
65 0.1456 0.0336 0.8208
66 0.1472 0.032 0.8208
67 0.1472 0.032 0.8208
68 0.1504 0.0288 0.8208
69 0.1504 0.0304 0.8192
70 0.152 0.0288 0.8192
71 0.152 0.0304 0.8176
72 0.152 0.0304 0.8176
73 0.152 0.032 0.816
74 0.1536 0.0304 0.816
75 0.1536 0.032 0.8144
76 0.1552 0.032 0.8128
77 0.1584 0.032 0.8096
78 0.1616 0.032 0.8064
79 0.1616 0.032 0.8064
80 0.1616 0.032 0.8064
81 0.1632 0.0336 0.8032
82 0.1632 0.0336 0.8032
83 0.1632 0.0336 0.8032
84 0.1632 0.0368 0.8
85 0.1648 0.0368 0.7984
86 0.168 0.0336 0.7984
87 0.168 0.0352 0.7968
88 0.1696 0.0336 0.7968
89 0.1696 0.0352 0.7952
90 0.1712 0.0336 0.7952
91 0.1712 0.0352 0.7936
92 0.1712 0.0368 0.792
93 0.1728 0.0352 0.792
94 0.1744 0.0352 0.7904
95 0.1744 0.0368 0.7888
96 0.176 0.0368 0.7872
97 0.1776 0.0352 0.7872
98 0.1776 0.0352 0.7872
99 0.1792 0.0352 0.7856
100 0.0 0.0 1.0
