0 0.0 0.0 1.0
1 0.0 0.0 1.0
2 0.0 0.0 1.0
3 0.0 0.0 1.0
4 0.0 0.0 1.0
5 0.0 0.0 1.0
6 0.0 0.0 1.0
7 0.0 0.0 1.0
8 0.0 0.0032 0.9968
9 0.0 0.0032 0.9968
10 0.0 0.0032 0.9968
11 0.0 0.0032 0.9968
12 0.0 0.008 0.992
13 0.0 0.0128 0.9872
14 0.0 0.0128 0.9872
15 0.0 0.0224 0.9776
16 0.0 0.0288 0.9712
17 0.0 0.0336 0.9664
18 0.0032 0.0368 0.96
19 0.0032 0.0384 0.9584
20 0.0064 0.0384 0.9552
21 0.0064 0.0464 0.9472
22 0.0064 0.0512 0.9424
23 0.0096 0.0496 0.9408
24 0.0128 0.0464 0.9408
25 0.0176 0.0464 0.936
26 0.0176 0.0528 0.9296
27 0.0208 0.0544 0.9248
28 0.0288 0.0464 0.9248
29 0.032 0.0464 0.9216
30 0.0352 0.0448 0.92
31 0.04 0.0416 0.9184
32 0.0464 0.0368 0.9168
33 0.0512 0.0352 0.9136
34 0.0544 0.0368 0.9088
35 0.0576 0.0352 0.9072
36 0.0592 0.0336 0.9072
37 0.0624 0.032 0.9056
38 0.0624 0.032 0.9056
39 0.064 0.0304 0.9056
40 0.0656 0.0288 0.9056
41 0.0672 0.0304 0.9024
42 0.0672 0.032 0.9008
43 0.0672 0.0384 0.8944
44 0.072 0.0384 0.8896
45 0.0752 0.04 0.8848
46 0.0752 0.0448 0.88
47 0.0752 0.0464 0.8784
48 0.0768 0.0448 0.8784
49 0.0784 0.0448 0.8768
50 0.08 0.0448 0.8752
51 0.08 0.0464 0.8736
52 0.0816 0.048 0.8704
53 0.0816 0.0496 0.8688
54 0.0848 0.048 0.8672
55 0.0864 0.048 0.8656
56 0.0864 0.048 0.8656
57 0.0912 0.0448 0.864
58 0.0944 0.0464 0.8592
59 0.0944 0.0496 0.856
60 0.0944 0.0512 0.8544
61 0.0992 0.0464 0.8544
62 0.1008 0.0448 0.8544
63 0.1024 0.0432 0.8544
64 0.104 0.0416 0.8544
65 0.1056 0.04 0.8544
66 0.1056 0.0416 0.8528
67 0.1056 0.0416 0.8528
68 0.1056 0.0448 0.8496
69 0.1088 0.0416 0.8496
70 0.1104 0.0416 0.848
71 0.112 0.04 0.848
72 0.112 0.04 0.848
73 0.1136 0.0384 0.848
74 0.1136 0.04 0.8464
75 0.1168 0.0368 0.8464
76 0.1168 0.0384 0.8448
77 0.1168 0.0416 0.8416
78 0.1184 0.0432 0.8384
79 0.12 0.0416 0.8384
80 0.12 0.0416 0.8384
81 0.12 0.0432 0.8368
82 0.1232 0.04 0.8368
83 0.1232 0.04 0.8368
84 0.1232 0.04 0.8368
85 0.1232 0.0416 0.8352
86 0.1232 0.0448 0.832
87 0.1232 0.0448 0.832
88 0.1248 0.0448 0.8304
89 0.1264 0.0432 0.8304
90 0.128 0.0432 0.8288
91 0.128 0.0432 0.8288
92 0.1296 0.0416 0.8288
93 0.1296 0.0432 0.8272
94 0.1296 0.0448 0.8256
95 0.1296 0.0448 0.8256
96 0.1312 0.0448 0.824
97 0.1312 0.0464 0.8224
98 0.1328 0.0448 0.8224
99 0.1344 0.0448 0.8208
100 0.0 0.0 1.0
