0 0.0 0.0 1.0
1 0.0 0.0 1.0
2 0.0 0.0 1.0
3 0.0 0.0 1.0
4 0.0 0.0 1.0
5 0.0 0.0 1.0
6 0.0 0.0 1.0
7 0.0 0.0 1.0
8 0.0 0.0 1.0
9 0.0 0.0 1.0
10 0.0 0.0 1.0
11 0.0 0.0016 0.9984
12 0.0 0.0016 0.9984
13 0.0 0.0016 0.9984
14 0.0 0.0048 0.9952
15 0.0 0.0064 0.9936
16 0.0 0.008 0.992
17 0.0016 0.016 0.9824
18 0.0016 0.0176 0.9808
19 0.0016 0.0288 0.9696
20 0.0016 0.0352 0.9632
21 0.0032 0.0416 0.9552
22 0.008 0.0448 0.9472
23 0.0112 0.0464 0.9424
24 0.0176 0.0432 0.9392
25 0.0176 0.0464 0.936
26 0.0256 0.0416 0.9328
27 0.0304 0.0368 0.9328
28 0.0336 0.0368 0.9296
29 0.0416 0.0336 0.9248
30 0.0464 0.0288 0.9248
31 0.0496 0.0272 0.9232
32 0.0544 0.024 0.9216
33 0.0624 0.016 0.9216
34 0.0624 0.0176 0.92
35 0.0624 0.0192 0.9184
36 0.064 0.0176 0.9184
37 0.0656 0.016 0.9184
38 0.0704 0.0112 0.9184
39 0.0704 0.0128 0.9168
40 0.0704 0.0128 0.9168
41 0.0736 0.0096 0.9168
42 0.0736 0.0112 0.9152
43 0.0736 0.0128 0.9136
44 0.0752 0.0144 0.9104
45 0.0752 0.016 0.9088
46 0.0784 0.0176 0.904
47 0.0784 0.024 0.8976
48 0.08 0.0256 0.8944
49 0.0816 0.024 0.8944
50 0.0864 0.0208 0.8928
51 0.0896 0.0192 0.8912
52 0.0896 0.0192 0.8912
53 0.0928 0.016 0.8912
54 0.0944 0.0144 0.8912
55 0.0944 0.016 0.8896
56 0.096 0.0144 0.8896
57 0.0976 0.0144 0.888
58 0.1008 0.0112 0.888
59 0.1008 0.0144 0.8848
60 0.1024 0.0128 0.8848
61 0.104 0.016 0.88
62 0.1072 0.0144 0.8784
63 0.1072 0.016 0.8768
64 0.1088 0.0144 0.8768
65 0.1088 0.016 0.8752
66 0.1104 0.016 0.8736
67 0.1136 0.0176 0.8688
68 0.1136 0.0176 0.8688
69 0.1136 0.0192 0.8672
70 0.1184 0.016 0.8656
71 0.12 0.016 0.864
72 0.12 0.0176 0.8624
73 0.12 0.0176 0.8624
74 0.12 0.0176 0.8624
75 0.1216 0.0192 0.8592
76 0.1232 0.0176 0.8592
77 0.1232 0.0192 0.8576
78 0.1264 0.0176 0.856
79 0.1296 0.0176 0.8528
80 0.1296 0.0208 0.8496
81 0.1296 0.0224 0.848
82 0.1312 0.0208 0.848
83 0.1328 0.0192 0.848
84 0.1328 0.0192 0.848
85 0.136 0.016 0.848
86 0.1376 0.0144 0.848
87 0.1424 0.0096 0.848
88 0.1424 0.0096 0.848
89 0.1424 0.0096 0.848
90 0.1424 0.0096 0.848
91 0.144 0.008 0.848
92 0.144 0.008 0.848
93 0.144 0.0112 0.8448
94 0.144 0.0112 0.8448
95 0.144 0.0144 0.8416
96 0.144 0.0144 0.8416
97 0.1456 0.0128 0.8416
98 0.1456 0.0144 0.84
99 0.1456 0.0144 0.84
100 0.0 0.0 1.0
