0 0.0 0.0 1.0
1 0.0 0.0 1.0
2 0.0 0.0 1.0
3 0.0 0.0 1.0
4 0.0 0.0 1.0
5 0.0 0.0 1.0
6 0.0 0.0016 0.9984
7 0.0 0.0032 0.9968
8 0.0 0.0032 0.9968
9 0.0 0.0064 0.9936
10 0.0 0.0064 0.9936
11 0.0 0.0096 0.9904
12 0.0016 0.008 0.9904
13 0.0032 0.0128 0.984
14 0.0032 0.016 0.9808
15 0.0048 0.0192 0.976
16 0.0048 0.0304 0.9648
17 0.0064 0.0336 0.96
18 0.0064 0.0416 0.952
19 0.0064 0.0448 0.9488
20 0.008 0.0432 0.9488
21 0.0144 0.0448 0.9408
22 0.0192 0.0432 0.9376
23 0.024 0.04 0.936
24 0.024 0.0432 0.9328
25 0.0288 0.0416 0.9296
26 0.032 0.0416 0.9264
27 0.032 0.0448 0.9232
28 0.0352 0.0432 0.9216
29 0.0416 0.04 0.9184
30 0.0432 0.0416 0.9152
31 0.0448 0.0416 0.9136
32 0.048 0.04 0.912
33 0.0512 0.0368 0.912
34 0.0512 0.04 0.9088
35 0.0528 0.0416 0.9056
36 0.056 0.0384 0.9056
37 0.0576 0.04 0.9024
38 0.0592 0.04 0.9008
39 0.0608 0.04 0.8992
40 0.0608 0.04 0.8992
41 0.064 0.0416 0.8944
42 0.064 0.0416 0.8944
43 0.064 0.0432 0.8928
44 0.0656 0.0416 0.8928
45 0.0672 0.0416 0.8912
46 0.0688 0.04 0.8912
47 0.072 0.0368 0.8912
48 0.0752 0.0352 0.8896
49 0.0768 0.0368 0.8864
50 0.0768 0.04 0.8832
51 0.0784 0.0384 0.8832
52 0.08 0.0368 0.8832
53 0.08 0.04 0.88
54 0.08 0.04 0.88
55 0.08 0.0416 0.8784
56 0.0832 0.0416 0.8752
57 0.0864 0.0384 0.8752
58 0.088 0.0368 0.8752
59 0.088 0.0368 0.8752
60 0.088 0.0384 0.8736
61 0.0912 0.0352 0.8736
62 0.0976 0.0288 0.8736
63 0.0976 0.0288 0.8736
64 0.1024 0.024 0.8736
65 0.1024 0.0256 0.872
66 0.1024 0.0272 0.8704
67 0.104 0.0288 0.8672
68 0.1056 0.0272 0.8672
69 0.1072 0.0288 0.864
70 0.1072 0.0288 0.864
71 0.1072 0.0304 0.8624
72 0.1072 0.0336 0.8592
73 0.1104 0.032 0.8576
74 0.1104 0.0352 0.8544
75 0.1104 0.0368 0.8528
76 0.112 0.0368 0.8512
77 0.112 0.0384 0.8496
78 0.1136 0.0368 0.8496
79 0.1136 0.0368 0.8496
80 0.1168 0.0336 0.8496
81 0.1168 0.0352 0.848
82 0.1168 0.0384 0.8448
83 0.1184 0.0384 0.8432
84 0.1184 0.04 0.8416
85 0.1184 0.04 0.8416
86 0.1184 0.04 0.8416
87 0.1216 0.0384 0.84
88 0.1232 0.0368 0.84
89 0.1248 0.0352 0.84
90 0.1248 0.0352 0.84
91 0.1264 0.0352 0.8384
92 0.1296 0.0336 0.8368
93 0.1312 0.0352 0.8336
94 0.1312 0.0368 0.832
95 0.1312 0.0368 0.832
96 0.1328 0.0368 0.8304
97 0.1328 0.0416 0.8256
98 0.1328 0.0416 0.8256
99 0.1328 0.0432 0.824
100 0.0 0.0 1.0
