0 0.0 0.0 1.0
1 0.0 0.0 1.0
2 0.0 0.0 1.0
3 0.0 0.0 1.0
4 0.0 0.0 1.0
5 0.0 0.0 1.0
6 0.0 0.0 1.0
7 0.0 0.0048 0.9952
8 0.0016 0.008 0.9904
9 0.0016 0.0128 0.9856
10 0.0016 0.0176 0.9808
11 0.0032 0.0224 0.9744
12 0.0048 0.024 0.9712
13 0.008 0.0224 0.9696
14 0.0096 0.0224 0.968
15 0.0112 0.024 0.9648
16 0.0144 0.0288 0.9568
17 0.0176 0.0336 0.9488
18 0.024 0.0304 0.9456
19 0.024 0.0304 0.9456
20 0.024 0.0384 0.9376
21 0.0272 0.0384 0.9344
22 0.0352 0.0384 0.9264
23 0.0384 0.0352 0.9264
24 0.0384 0.0416 0.92
25 0.04 0.04 0.92
26 0.0464 0.0336 0.92
27 0.0496 0.0336 0.9168
28 0.0512 0.0336 0.9152
29 0.056 0.0336 0.9104
30 0.0576 0.032 0.9104
31 0.0592 0.04 0.9008
32 0.0624 0.0368 0.9008
33 0.0672 0.0336 0.8992
34 0.0688 0.0352 0.896
35 0.072 0.0352 0.8928
36 0.0752 0.0336 0.8912
37 0.0752 0.0352 0.8896
38 0.0768 0.0336 0.8896
39 0.0768 0.0416 0.8816
40 0.0768 0.0416 0.8816
41 0.08 0.04 0.88
42 0.08 0.04 0.88
43 0.0832 0.04 0.8768
44 0.0832 0.0416 0.8752
45 0.0864 0.04 0.8736
46 0.0896 0.0368 0.8736
47 0.0912 0.0368 0.872
48 0.0928 0.0368 0.8704
49 0.0944 0.0352 0.8704
50 0.0944 0.0384 0.8672
51 0.0944 0.0384 0.8672
52 0.096 0.04 0.864
53 0.096 0.0432 0.8608
54 0.096 0.0432 0.8608
55 0.096 0.0448 0.8592
56 0.0976 0.0448 0.8576
57 0.1008 0.0432 0.856
58 0.1056 0.04 0.8544
59 0.1088 0.0368 0.8544
60 0.112 0.0352 0.8528
61 0.1152 0.032 0.8528
62 0.1168 0.0352 0.848
63 0.1184 0.0336 0.848
64 0.12 0.0336 0.8464
65 0.1248 0.0288 0.8464
66 0.1264 0.0304 0.8432
67 0.1264 0.0304 0.8432
68 0.1264 0.0336 0.84
69 0.1264 0.0336 0.84
70 0.128 0.032 0.84
71 0.1312 0.032 0.8368
72 0.1344 0.0288 0.8368
73 0.1344 0.0304 0.8352
74 0.136 0.032 0.832
75 0.1376 0.0304 0.832
76 0.1376 0.0304 0.832
77 0.1392 0.0288 0.832
78 0.1392 0.0304 0.8304
79 0.1392 0.0304 0.8304
80 0.1392 0.0336 0.8272
81 0.1408 0.0336 0.8256
82 0.1424 0.0336 0.824
83 0.144 0.0336 0.8224
84 0.144 0.0336 0.8224
85 0.1472 0.0304 0.8224
86 0.1472 0.0304 0.8224
87 0.1472 0.032 0.8208
88 0.1488 0.032 0.8192
89 0.1504 0.032 0.8176
90 0.152 0.032 0.816
91 0.1536 0.032 0.8144
92 0.1552 0.0336 0.8112
93 0.1568 0.032 0.8112
94 0.1584 0.032 0.8096
95 0.1584 0.032 0.8096
96 0.16 0.032 0.808
97 0.1632 0.032 0.8048
98 0.1632 0.0336 0.8032
99 0.1632 0.0336 0.8032
100 0.0 0.0 1.0
