0 0.0 0.0 1.0
1 0.008 0.0256 0.9664
2 0.016 0.0304 0.9536
3 0.0288 0.0304 0.9408
4 0.0336 0.04 0.9264
5 0.0464 0.0384 0.9152
6 0.0624 0.0352 0.9024
7 0.0704 0.0336 0.896
8 0.0768 0.0416 0.8816
9 0.08 0.048 0.872
10 0.0816 0.0528 0.8656
11 0.0896 0.048 0.8624
12 0.0928 0.0496 0.8576
13 0.0976 0.0576 0.8448
14 0.1024 0.0624 0.8352
15 0.1104 0.0576 0.832
16 0.1152 0.0608 0.824
17 0.1248 0.0528 0.8224
18 0.1312 0.048 0.8208
19 0.1344 0.048 0.8176
20 0.1392 0.0544 0.8064
21 0.1456 0.0512 0.8032
22 0.1472 0.0528 0.8
23 0.1504 0.0544 0.7952
24 0.152 0.056 0.792
25 0.1536 0.0576 0.7888
26 0.1536 0.0608 0.7856
27 0.1632 0.0576 0.7792
28 0.1664 0.0576 0.776
29 0.1712 0.0576 0.7712
30 0.1776 0.056 0.7664
31 0.184 0.0528 0.7632
32 0.1904 0.0496 0.76
33 0.192 0.0512 0.7568
34 0.1936 0.0528 0.7536
35 0.1952 0.0544 0.7504
36 0.2 0.0528 0.7472
37 0.2048 0.0528 0.7424
38 0.2064 0.0544 0.7392
39 0.2064 0.0576 0.736
40 0.2064 0.0608 0.7328
41 0.2064 0.0656 0.728
42 0.2112 0.0656 0.7232
43 0.2128 0.064 0.7232
44 0.2144 0.0656 0.72
45 0.216 0.0672 0.7168
46 0.2208 0.064 0.7152
47 0.2224 0.0624 0.7152
48 0.2224 0.0672 0.7104
49 0.2224 0.072 0.7056
50 0.224 0.0736 0.7024
51 0.224 0.0768 0.6992
52 0.2272 0.0784 0.6944
53 0.2288 0.0832 0.688
54 0.232 0.0848 0.6832
55 0.232 0.0912 0.6768
56 0.2352 0.0912 0.6736
57 0.24 0.0896 0.6704
58 0.24 0.0928 0.6672
59 0.2416 0.0928 0.6656
60 0.2416 0.0944 0.664
61 0.2432 0.0976 0.6592
62 0.2432 0.1008 0.656
63 0.2432 0.104 0.6528
64 0.2448 0.1072 0.648
65 0.248 0.104 0.648
66 0.2496 0.1072 0.6432
67 0.2496 0.1072 0.6432
68 0.2512 0.1072 0.6416
69 0.2544 0.1072 0.6384
70 0.256 0.1152 0.6288
71 0.256 0.1184 0.6256
72 0.2592 0.1184 0.6224
73 0.2624 0.1184 0.6192
74 0.2656 0.12 0.6144
75 0.272 0.1184 0.6096
76 0.2768 0.1184 0.6048
77 0.2784 0.1168 0.6048
78 0.28 0.12 0.6
79 0.2848 0.1184 0.5968
80 0.2848 0.1232 0.592
81 0.2848 0.1312 0.584
82 0.288 0.1296 0.5824
83 0.2896 0.1296 0.5808
84 0.2928 0.128 0.5792
85 0.2928 0.1312 0.576
86 0.2944 0.1296 0.576
87 0.2944 0.1344 0.5712
88 0.296 0.1344 0.5696
89 0.2992 0.1344 0.5664
90 0.304 0.1344 0.5616
91 0.304 0.1392 0.5568
92 0.304 0.1424 0.5536
93 0.3056 0.144 0.5504
94 0.3056 0.1504 0.544
95 0.3072 0.1504 0.5424
96 0.3104 0.1536 0.536
97 0.312 0.1552 0.5328
98 0.3152 0.1568 0.528
99 0.3216 0.1536 0.5248
100 0.0 0.0 1.0
