0 0.0 0.0 1.0
1 0.0 0.0 1.0
2 0.0 0.0064 0.9936
3 0.0 0.0096 0.9904
4 0.0 0.016 0.984
5 0.0 0.0192 0.9808
6 0.0 0.0304 0.9696
7 0.0 0.04 0.96
8 0.0016 0.0448 0.9536
9 0.0016 0.0528 0.9456
10 0.0016 0.0544 0.944
11 0.0032 0.0528 0.944
12 0.0048 0.0608 0.9344
13 0.008 0.0624 0.9296
14 0.0096 0.0672 0.9232
15 0.0112 0.0704 0.9184
16 0.0144 0.0736 0.912
17 0.0176 0.0736 0.9088
18 0.024 0.072 0.904
19 0.024 0.0768 0.8992
20 0.024 0.0784 0.8976
21 0.0272 0.08 0.8928
22 0.0352 0.08 0.8848
23 0.0384 0.08 0.8816
24 0.0384 0.0832 0.8784
25 0.04 0.0864 0.8736
26 0.0464 0.0832 0.8704
27 0.0496 0.0832 0.8672
28 0.0512 0.0832 0.8656
29 0.056 0.0864 0.8576
30 0.0576 0.0864 0.856
31 0.0592 0.088 0.8528
32 0.0624 0.0912 0.8464
33 0.0672 0.0896 0.8432
34 0.0688 0.0928 0.8384
35 0.072 0.0928 0.8352
36 0.0752 0.0928 0.832
37 0.0752 0.0928 0.832
38 0.0768 0.0944 0.8288
39 0.0768 0.0944 0.8288
40 0.0768 0.096 0.8272
41 0.08 0.0944 0.8256
42 0.08 0.0944 0.8256
43 0.0832 0.0928 0.824
44 0.0832 0.0976 0.8192
45 0.0864 0.0944 0.8192
46 0.0896 0.0944 0.816
47 0.0912 0.0944 0.8144
48 0.0928 0.0928 0.8144
49 0.0944 0.0928 0.8128
50 0.0944 0.0928 0.8128
51 0.0944 0.0928 0.8128
52 0.096 0.0928 0.8112
53 0.096 0.0944 0.8096
54 0.096 0.096 0.808
55 0.096 0.0976 0.8064
56 0.0976 0.0976 0.8048
57 0.1008 0.0944 0.8048
58 0.1056 0.0912 0.8032
59 0.1088 0.0912 0.8
60 0.112 0.0912 0.7968
61 0.1152 0.0912 0.7936
62 0.1168 0.0912 0.792
63 0.1184 0.0928 0.7888
64 0.12 0.0928 0.7872
65 0.1248 0.0896 0.7856
66 0.1264 0.0896 0.784
67 0.1264 0.0896 0.784
68 0.1264 0.0912 0.7824
69 0.1264 0.0912 0.7824
70 0.128 0.0944 0.7776
71 0.1312 0.0912 0.7776
72 0.1344 0.0912 0.7744
73 0.1344 0.0944 0.7712
74 0.136 0.0928 0.7712
75 0.1376 0.0912 0.7712
76 0.1376 0.0912 0.7712
77 0.1392 0.0896 0.7712
78 0.1392 0.0896 0.7712
79 0.1392 0.0912 0.7696
80 0.1392 0.096 0.7648
81 0.1408 0.0976 0.7616
82 0.1424 0.096 0.7616
83 0.144 0.096 0.76
84 0.144 0.096 0.76
85 0.1472 0.0944 0.7584
86 0.1472 0.0944 0.7584
87 0.1472 0.0976 0.7552
88 0.1488 0.0976 0.7536
89 0.1504 0.0976 0.752
90 0.152 0.0976 0.7504
91 0.1536 0.1024 0.744
92 0.1552 0.1024 0.7424
93 0.1568 0.1024 0.7408
94 0.1584 0.104 0.7376
95 0.1584 0.1056 0.736
96 0.16 0.1056 0.7344
97 0.1632 0.104 0.7328
98 0.1632 0.104 0.7328
99 0.1632 0.1072 0.7296
100 0.0 0.0 1.0
