0 0.0 0.0 1.0
1 0.0 0.008 0.992
2 0.0 0.016 0.984
3 0.0 0.0288 0.9712
4 0.0 0.0336 0.9664
5 0.0 0.0464 0.9536
6 0.0 0.0624 0.9376
7 0.0048 0.0656 0.9296
8 0.0096 0.0672 0.9232
9 0.0144 0.0656 0.92
10 0.0192 0.0624 0.9184
11 0.0256 0.064 0.9104
12 0.0288 0.064 0.9072
13 0.0304 0.0672 0.9024
14 0.032 0.0704 0.8976
15 0.0352 0.0752 0.8896
16 0.0432 0.072 0.8848
17 0.0512 0.0736 0.8752
18 0.0544 0.0768 0.8688
19 0.0544 0.08 0.8656
20 0.0624 0.0768 0.8608
21 0.0656 0.08 0.8544
22 0.0736 0.0736 0.8528
23 0.0736 0.0768 0.8496
24 0.08 0.072 0.848
25 0.08 0.0736 0.8464
26 0.08 0.0736 0.8464
27 0.0832 0.08 0.8368
28 0.0848 0.0816 0.8336
29 0.0896 0.0816 0.8288
30 0.0896 0.088 0.8224
31 0.0992 0.0848 0.816
32 0.0992 0.0912 0.8096
33 0.1008 0.0912 0.808
34 0.104 0.0896 0.8064
35 0.1072 0.088 0.8048
36 0.1088 0.0912 0.8
37 0.1104 0.0944 0.7952
38 0.1104 0.096 0.7936
39 0.1184 0.088 0.7936
40 0.1184 0.088 0.7936
41 0.12 0.0864 0.7936
42 0.12 0.0912 0.7888
43 0.1232 0.0896 0.7872
44 0.1248 0.0896 0.7856
45 0.1264 0.0896 0.784
46 0.1264 0.0944 0.7792
47 0.128 0.0944 0.7776
48 0.1296 0.0928 0.7776
49 0.1296 0.0928 0.7776
50 0.1328 0.0912 0.776
51 0.1328 0.0912 0.776
52 0.136 0.0912 0.7728
53 0.1392 0.0896 0.7712
54 0.1392 0.0928 0.768
55 0.1408 0.0912 0.768
56 0.1424 0.0928 0.7648
57 0.144 0.096 0.76
58 0.1456 0.0944 0.76
59 0.1456 0.096 0.7584
60 0.1472 0.0944 0.7584
61 0.1472 0.096 0.7568
62 0.152 0.0912 0.7568
63 0.152 0.0912 0.7568
64 0.1536 0.0912 0.7552
65 0.1536 0.0944 0.752
66 0.1568 0.0928 0.7504
67 0.1568 0.0928 0.7504
68 0.16 0.0912 0.7488
69 0.16 0.0944 0.7456
70 0.16 0.096 0.744
71 0.1632 0.0928 0.744
72 0.1632 0.096 0.7408
73 0.1648 0.0976 0.7376
74 0.168 0.0976 0.7344
75 0.168 0.104 0.728
76 0.168 0.1088 0.7232
77 0.168 0.1104 0.7216
78 0.1696 0.1104 0.72
79 0.1696 0.1152 0.7152
80 0.1728 0.112 0.7152
81 0.1744 0.1104 0.7152
82 0.176 0.112 0.712
83 0.1776 0.112 0.7104
84 0.1776 0.1152 0.7072
85 0.1776 0.1152 0.7072
86 0.1776 0.1168 0.7056
87 0.1792 0.1152 0.7056
88 0.1808 0.1152 0.704
89 0.1824 0.1168 0.7008
90 0.184 0.12 0.696
91 0.1856 0.1184 0.696
92 0.1888 0.1152 0.696
93 0.1888 0.1168 0.6944
94 0.1904 0.1152 0.6944
95 0.1904 0.1168 0.6928
96 0.192 0.1184 0.6896
97 0.1952 0.1168 0.688
98 0.1968 0.1184 0.6848
99 0.1968 0.1248 0.6784
100 0.0 0.0 1.0
