0 0.0 0.0 1.0
1 0.0 0.0 1.0
2 0.0 0.0032 0.9968
3 0.0 0.016 0.984
4 0.0048 0.0256 0.9696
5 0.0144 0.0448 0.9408
6 0.0288 0.0448 0.9264
7 0.0496 0.0304 0.92
8 0.0736 0.0064 0.92
9 0.08 0.0 0.92
10 0.08 0.0 0.92
11 0.08 0.0 0.92
12 0.08 0.0032 0.9168
13 0.08 0.0064 0.9136
14 0.08 0.0192 0.9008
15 0.0816 0.0224 0.896
16 0.0832 0.0336 0.8832
17 0.0864 0.0384 0.8752
18 0.0928 0.0448 0.8624
19 0.1008 0.0464 0.8528
20 0.1056 0.048 0.8464
21 0.1104 0.0464 0.8432
22 0.1216 0.0368 0.8416
23 0.1328 0.0272 0.84
24 0.1392 0.0208 0.84
25 0.144 0.016 0.84
26 0.1456 0.0144 0.84
27 0.1504 0.0128 0.8368
28 0.1504 0.0208 0.8288
29 0.1568 0.0176 0.8256
30 0.1584 0.0176 0.824
31 0.1616 0.0192 0.8192
32 0.1616 0.0208 0.8176
33 0.1632 0.0192 0.8176
34 0.168 0.0176 0.8144
35 0.176 0.0096 0.8144
36 0.1792 0.0064 0.8144
37 0.1808 0.0064 0.8128
38 0.1824 0.008 0.8096
39 0.1824 0.008 0.8096
40 0.184 0.0064 0.8096
41 0.184 0.0096 0.8064
42 0.1856 0.0112 0.8032
43 0.1872 0.0096 0.8032
44 0.1872 0.0144 0.7984
45 0.1888 0.0176 0.7936
46 0.1904 0.016 0.7936
47 0.1952 0.0144 0.7904
48 0.1968 0.016 0.7872
49 0.1984 0.0144 0.7872
50 0.2016 0.0112 0.7872
51 0.2032 0.0128 0.784
52 0.2048 0.016 0.7792
53 0.2064 0.0176 0.776
54 0.208 0.0208 0.7712
55 0.208 0.0224 0.7696
56 0.2096 0.0224 0.768
57 0.2112 0.0224 0.7664
58 0.2112 0.024 0.7648
59 0.2144 0.0224 0.7632
60 0.216 0.0208 0.7632
61 0.216 0.0224 0.7616
62 0.2192 0.0208 0.76
63 0.2192 0.0224 0.7584
64 0.2208 0.0224 0.7568
65 0.224 0.0192 0.7568
66 0.2272 0.016 0.7568
67 0.2288 0.0144 0.7568
68 0.2288 0.0192 0.752
69 0.2288 0.0208 0.7504
70 0.2304 0.0208 0.7488
71 0.2304 0.024 0.7456
72 0.232 0.0272 0.7408
73 0.2336 0.0272 0.7392
74 0.2336 0.0288 0.7376
75 0.2336 0.0336 0.7328
76 0.2352 0.0336 0.7312
77 0.2384 0.0368 0.7248
78 0.2384 0.0384 0.7232
79 0.24 0.0384 0.7216
80 0.2448 0.0336 0.7216
81 0.2496 0.0304 0.72
82 0.2496 0.032 0.7184
83 0.2512 0.0352 0.7136
84 0.2528 0.0368 0.7104
85 0.256 0.0384 0.7056
86 0.2592 0.0384 0.7024
87 0.2624 0.0352 0.7024
88 0.2656 0.0336 0.7008
89 0.2656 0.0336 0.7008
90 0.2656 0.0352 0.6992
91 0.2656 0.0384 0.696
92 0.2704 0.0352 0.6944
93 0.2736 0.0352 0.6912
94 0.2752 0.0368 0.688
95 0.2784 0.0336 0.688
96 0.2816 0.0352 0.6832
97 0.2832 0.0384 0.6784
98 0.2832 0.0448 0.672
99 0.2832 0.0448 0.672
100 0.0 0.0 1.0
