0 0.0 0.0 1.0
1 0.0 0.0 1.0
2 0.0 0.0 1.0
3 0.0 0.0 1.0
4 0.0 0.0 1.0
5 0.0 0.0016 0.9984
6 0.0 0.0128 0.9872
7 0.0 0.0224 0.9776
8 0.0016 0.0448 0.9536
9 0.0064 0.0592 0.9344
10 0.0144 0.064 0.9216
11 0.0336 0.0464 0.92
12 0.0544 0.0256 0.92
13 0.0656 0.0144 0.92
14 0.072 0.008 0.92
15 0.0784 0.0016 0.92
16 0.0784 0.0016 0.92
17 0.08 0.0 0.92
18 0.08 0.0032 0.9168
19 0.08 0.0032 0.9168
20 0.08 0.0112 0.9088
21 0.08 0.016 0.904
22 0.08 0.0176 0.9024
23 0.08 0.0256 0.8944
24 0.0832 0.0304 0.8864
25 0.088 0.0368 0.8752
26 0.0928 0.0352 0.872
27 0.0944 0.0384 0.8672
28 0.096 0.0416 0.8624
29 0.1008 0.0416 0.8576
30 0.1024 0.0432 0.8544
31 0.1072 0.04 0.8528
32 0.1088 0.0448 0.8464
33 0.1152 0.04 0.8448
34 0.1168 0.0384 0.8448
35 0.12 0.04 0.84
36 0.12 0.0432 0.8368
37 0.12 0.048 0.832
38 0.1248 0.0528 0.8224
39 0.1264 0.0544 0.8192
40 0.128 0.0528 0.8192
41 0.1312 0.0496 0.8192
42 0.1328 0.0496 0.8176
43 0.1344 0.0496 0.816
44 0.144 0.04 0.816
45 0.1472 0.0368 0.816
46 0.1504 0.0336 0.816
47 0.1536 0.0336 0.8128
48 0.1568 0.0336 0.8096
49 0.1568 0.0352 0.808
50 0.1584 0.0336 0.808
51 0.1584 0.0352 0.8064
52 0.16 0.0352 0.8048
53 0.1616 0.0368 0.8016
54 0.1632 0.04 0.7968
55 0.1632 0.0416 0.7952
56 0.1632 0.0416 0.7952
57 0.1632 0.0416 0.7952
58 0.1664 0.0384 0.7952
59 0.1696 0.0352 0.7952
60 0.1728 0.0352 0.792
61 0.1744 0.0368 0.7888
62 0.1776 0.0336 0.7888
63 0.1808 0.0304 0.7888
64 0.1824 0.0304 0.7872
65 0.1824 0.0336 0.784
66 0.184 0.032 0.784
67 0.184 0.032 0.784
68 0.184 0.0352 0.7808
69 0.1856 0.0352 0.7792
70 0.1856 0.0352 0.7792
71 0.1872 0.0368 0.776
72 0.1904 0.0352 0.7744
73 0.192 0.0352 0.7728
74 0.1936 0.0336 0.7728
75 0.1952 0.032 0.7728
76 0.1952 0.0352 0.7696
77 0.1984 0.0336 0.768
78 0.1984 0.0336 0.768
79 0.2 0.032 0.768
80 0.2016 0.0304 0.768
81 0.2016 0.032 0.7664
82 0.2016 0.0336 0.7648
83 0.2032 0.0368 0.76
84 0.2032 0.04 0.7568
85 0.208 0.04 0.752
86 0.2144 0.0368 0.7488
87 0.2144 0.0368 0.7488
88 0.2144 0.0384 0.7472
89 0.2144 0.0384 0.7472
90 0.2144 0.0416 0.744
91 0.216 0.0416 0.7424
92 0.216 0.0416 0.7424
93 0.2192 0.04 0.7408
94 0.2224 0.0384 0.7392
95 0.2256 0.0368 0.7376
96 0.2288 0.0352 0.736
97 0.2336 0.0352 0.7312
98 0.2336 0.0368 0.7296
99 0.2352 0.0384 0.7264
100 0.0 0.0 1.0
