0 0.0 0.0 1.0
1 0.0032 0.0352 0.9616
2 0.032 0.0416 0.9264
3 0.0592 0.0208 0.92
4 0.0752 0.008 0.9168
5 0.08 0.008 0.912
6 0.08 0.0112 0.9088
7 0.0816 0.024 0.8944
8 0.0816 0.0352 0.8832
9 0.0848 0.0512 0.864
10 0.0912 0.0608 0.848
11 0.1024 0.056 0.8416
12 0.1168 0.0416 0.8416
13 0.128 0.0352 0.8368
14 0.144 0.0208 0.8352
15 0.1536 0.0176 0.8288
16 0.1552 0.0192 0.8256
17 0.16 0.0176 0.8224
18 0.16 0.0224 0.8176
19 0.16 0.0288 0.8112
20 0.16 0.0352 0.8048
21 0.1632 0.04 0.7968
22 0.1648 0.0384 0.7968
23 0.1696 0.0432 0.7872
24 0.1744 0.0416 0.784
25 0.1792 0.0384 0.7824
26 0.1824 0.0432 0.7744
27 0.1856 0.0448 0.7696
28 0.1872 0.048 0.7648
29 0.1904 0.0496 0.76
30 0.1936 0.0528 0.7536
31 0.1968 0.0496 0.7536
32 0.1968 0.0544 0.7488
33 0.2 0.0576 0.7424
34 0.2 0.0576 0.7424
35 0.2032 0.0592 0.7376
36 0.2048 0.0624 0.7328
37 0.2096 0.0592 0.7312
38 0.216 0.0544 0.7296
39 0.2224 0.0544 0.7232
40 0.224 0.0576 0.7184
41 0.224 0.0624 0.7136
42 0.2272 0.0592 0.7136
43 0.2304 0.0608 0.7088
44 0.232 0.0608 0.7072
45 0.2336 0.064 0.7024
46 0.2336 0.0672 0.6992
47 0.2384 0.0672 0.6944
48 0.2416 0.0656 0.6928
49 0.2432 0.064 0.6928
50 0.2448 0.0672 0.688
51 0.2512 0.0624 0.6864
52 0.2528 0.0688 0.6784
53 0.2528 0.072 0.6752
54 0.2528 0.072 0.6752
55 0.2528 0.0784 0.6688
56 0.2528 0.0848 0.6624
57 0.2528 0.088 0.6592
58 0.256 0.0864 0.6576
59 0.256 0.0896 0.6544
60 0.2608 0.0912 0.648
61 0.264 0.0896 0.6464
62 0.2656 0.088 0.6464
63 0.272 0.0832 0.6448
64 0.2752 0.08 0.6448
65 0.2768 0.0832 0.64
66 0.2784 0.0816 0.64
67 0.28 0.0816 0.6384
68 0.2832 0.0848 0.632
69 0.2848 0.0912 0.624
70 0.2848 0.0992 0.616
71 0.2848 0.0992 0.616
72 0.2896 0.0944 0.616
73 0.2944 0.0944 0.6112
74 0.3008 0.0896 0.6096
75 0.3024 0.088 0.6096
76 0.3056 0.088 0.6064
77 0.3072 0.0928 0.6
78 0.312 0.0928 0.5952
79 0.312 0.096 0.592
80 0.3136 0.096 0.5904
81 0.32 0.096 0.584
82 0.3248 0.0928 0.5824
83 0.328 0.0928 0.5792
84 0.3312 0.0944 0.5744
85 0.3328 0.0944 0.5728
86 0.3344 0.096 0.5696
87 0.3392 0.096 0.5648
88 0.3408 0.096 0.5632
89 0.3424 0.0992 0.5584
90 0.344 0.0976 0.5584
91 0.3456 0.0992 0.5552
92 0.3488 0.0992 0.552
93 0.3536 0.0976 0.5488
94 0.36 0.0976 0.5424
95 0.3616 0.0992 0.5392
96 0.3664 0.096 0.5376
97 0.368 0.0976 0.5344
98 0.3728 0.0928 0.5344
99 0.376 0.0928 0.5312
100 0.0 0.0 1.0
