0 0.0 0.0 1.0
1 0.0 0.0 1.0
2 0.0 0.0 1.0
3 0.0 0.0 1.0
4 0.0 0.0 1.0
5 0.0 0.0 1.0
6 0.0 0.0 1.0
7 0.0 0.0 1.0
8 0.0 0.0 1.0
9 0.0 0.0 1.0
10 0.0 0.0032 0.9968
11 0.0 0.0112 0.9888
12 0.0016 0.024 0.9744
13 0.0016 0.04 0.9584
14 0.0064 0.0528 0.9408
15 0.0144 0.0544 0.9312
16 0.0208 0.0544 0.9248
17 0.0368 0.0416 0.9216
18 0.0512 0.0288 0.92
19 0.0624 0.0176 0.92
20 0.0672 0.0128 0.92
21 0.0736 0.0064 0.92
22 0.08 0.0 0.92
23 0.08 0.0 0.92
24 0.08 0.0 0.92
25 0.08 0.0 0.92
26 0.08 0.0 0.92
27 0.08 0.0048 0.9152
28 0.08 0.0096 0.9104
29 0.08 0.0112 0.9088
30 0.0816 0.0112 0.9072
31 0.0832 0.0128 0.904
32 0.0864 0.0128 0.9008
33 0.0864 0.0176 0.896
34 0.088 0.016 0.896
35 0.088 0.0192 0.8928
36 0.0912 0.0192 0.8896
37 0.0928 0.0192 0.888
38 0.0976 0.0144 0.888
39 0.1008 0.0128 0.8864
40 0.104 0.0128 0.8832
41 0.1056 0.0112 0.8832
42 0.1056 0.0112 0.8832
43 0.1072 0.0128 0.88
44 0.1088 0.0128 0.8784
45 0.112 0.0128 0.8752
46 0.112 0.0128 0.8752
47 0.1136 0.016 0.8704
48 0.1168 0.016 0.8672
49 0.1168 0.024 0.8592
50 0.1168 0.0256 0.8576
51 0.1168 0.0256 0.8576
52 0.1232 0.0208 0.856
53 0.1264 0.0176 0.856
54 0.1264 0.0192 0.8544
55 0.128 0.0192 0.8528
56 0.1296 0.0176 0.8528
57 0.1296 0.0176 0.8528
58 0.1312 0.0176 0.8512
59 0.1328 0.0176 0.8496
60 0.1328 0.0176 0.8496
61 0.1344 0.0192 0.8464
62 0.1344 0.0208 0.8448
63 0.136 0.0192 0.8448
64 0.136 0.0224 0.8416
65 0.136 0.024 0.84
66 0.1424 0.0224 0.8352
67 0.1424 0.0224 0.8352
68 0.144 0.0208 0.8352
69 0.144 0.0208 0.8352
70 0.1456 0.0224 0.832
71 0.1456 0.0224 0.832
72 0.1456 0.024 0.8304
73 0.1472 0.024 0.8288
74 0.1488 0.0224 0.8288
75 0.1488 0.0224 0.8288
76 0.1504 0.0224 0.8272
77 0.1536 0.0208 0.8256
78 0.1552 0.024 0.8208
79 0.1552 0.0288 0.816
80 0.1552 0.0304 0.8144
81 0.1552 0.032 0.8128
82 0.1568 0.0304 0.8128
83 0.1568 0.0336 0.8096
84 0.1568 0.0336 0.8096
85 0.16 0.0304 0.8096
86 0.1616 0.0304 0.808
87 0.1632 0.032 0.8048
88 0.1664 0.0304 0.8032
89 0.168 0.0304 0.8016
90 0.168 0.0304 0.8016
91 0.1712 0.0272 0.8016
92 0.1712 0.0288 0.8
93 0.1712 0.0304 0.7984
94 0.1712 0.032 0.7968
95 0.1712 0.0336 0.7952
96 0.1728 0.0336 0.7936
97 0.1728 0.0352 0.792
98 0.1744 0.04 0.7856
99 0.176 0.04 0.784
100 0.0 0.0 1.0
