0 0.0 0.0 1.0
1 0.0016 0.0384 0.96
2 0.0352 0.0432 0.9216
3 0.072 0.008 0.92
4 0.0784 0.0016 0.92
5 0.08 0.0 0.92
6 0.08 0.0032 0.9168
7 0.08 0.0064 0.9136
8 0.0816 0.0384 0.88
9 0.0816 0.0528 0.8656
10 0.088 0.056 0.856
11 0.1008 0.0512 0.848
12 0.12 0.04 0.84
13 0.1408 0.0192 0.84
14 0.1552 0.0048 0.84
15 0.16 0.0 0.84
16 0.16 0.0 0.84
17 0.16 0.0016 0.8384
18 0.16 0.0064 0.8336
19 0.16 0.0128 0.8272
20 0.16 0.0208 0.8192
21 0.1632 0.0256 0.8112
22 0.1632 0.0304 0.8064
23 0.168 0.0288 0.8032
24 0.1792 0.0224 0.7984
25 0.1824 0.0224 0.7952
26 0.1888 0.0176 0.7936
27 0.1888 0.0224 0.7888
28 0.1904 0.0224 0.7872
29 0.1936 0.0272 0.7792
30 0.1952 0.0336 0.7712
31 0.1952 0.0384 0.7664
32 0.1952 0.0384 0.7664
33 0.1984 0.0384 0.7632
34 0.2016 0.0416 0.7568
35 0.2048 0.04 0.7552
36 0.208 0.0368 0.7552
37 0.208 0.04 0.752
38 0.2096 0.04 0.7504
39 0.2128 0.0384 0.7488
40 0.2128 0.0384 0.7488
41 0.2176 0.0352 0.7472
42 0.2192 0.0352 0.7456
43 0.2208 0.0352 0.744
44 0.224 0.0384 0.7376
45 0.224 0.0432 0.7328
46 0.224 0.0464 0.7296
47 0.2272 0.0464 0.7264
48 0.2304 0.0448 0.7248
49 0.2336 0.0464 0.72
50 0.2336 0.0496 0.7168
51 0.2368 0.048 0.7152
52 0.2368 0.0496 0.7136
53 0.2368 0.0496 0.7136
54 0.24 0.0512 0.7088
55 0.2416 0.0528 0.7056
56 0.2448 0.0496 0.7056
57 0.2464 0.048 0.7056
58 0.2496 0.0496 0.7008
59 0.2512 0.0512 0.6976
60 0.2528 0.0528 0.6944
61 0.2528 0.0528 0.6944
62 0.256 0.0512 0.6928
63 0.2592 0.0512 0.6896
64 0.2608 0.0496 0.6896
65 0.2624 0.0528 0.6848
66 0.264 0.056 0.68
67 0.2656 0.064 0.6704
68 0.2688 0.064 0.6672
69 0.2704 0.064 0.6656
70 0.2736 0.0656 0.6608
71 0.28 0.0608 0.6592
72 0.2848 0.0608 0.6544
73 0.2864 0.0592 0.6544
74 0.2864 0.064 0.6496
75 0.2896 0.0608 0.6496
76 0.2896 0.0624 0.648
77 0.2944 0.0608 0.6448
78 0.2944 0.0608 0.6448
79 0.296 0.0656 0.6384
80 0.2976 0.0752 0.6272
81 0.2992 0.0816 0.6192
82 0.3008 0.0832 0.616
83 0.3056 0.08 0.6144
84 0.3088 0.0784 0.6128
85 0.3136 0.0816 0.6048
86 0.3184 0.0816 0.6
87 0.32 0.088 0.592
88 0.3248 0.0864 0.5888
89 0.328 0.0896 0.5824
90 0.3296 0.0944 0.576
91 0.3328 0.0992 0.568
92 0.3328 0.1008 0.5664
93 0.336 0.1008 0.5632
94 0.3392 0.0976 0.5632
95 0.3424 0.104 0.5536
96 0.3504 0.096 0.5536
97 0.36 0.0896 0.5504
98 0.3664 0.0848 0.5488
99 0.3696 0.0864 0.544
100 0.0 0.0 1.0
