0 0.0 0.0 1.0
1 0.0 0.0 1.0
2 0.0 0.0 1.0
3 0.0 0.0032 0.9968
4 0.0 0.0208 0.9792
5 0.0064 0.056 0.9376
6 0.0224 0.056 0.9216
7 0.0544 0.0256 0.92
8 0.0768 0.0032 0.92
9 0.08 0.0 0.92
10 0.08 0.0 0.92
11 0.08 0.0 0.92
12 0.08 0.0 0.92
13 0.08 0.0016 0.9184
14 0.08 0.0048 0.9152
15 0.08 0.0128 0.9072
16 0.08 0.032 0.888
17 0.0816 0.0432 0.8752
18 0.0864 0.056 0.8576
19 0.1056 0.0496 0.8448
20 0.1152 0.0432 0.8416
21 0.1248 0.0336 0.8416
22 0.1328 0.0256 0.8416
23 0.1456 0.0144 0.84
24 0.1488 0.0112 0.84
25 0.1552 0.0048 0.84
26 0.1584 0.0016 0.84
27 0.16 0.0 0.84
28 0.16 0.0048 0.8352
29 0.16 0.0096 0.8304
30 0.16 0.0112 0.8288
31 0.16 0.0144 0.8256
32 0.1632 0.016 0.8208
33 0.1696 0.0112 0.8192
34 0.1696 0.0128 0.8176
35 0.1728 0.0112 0.816
36 0.1744 0.0112 0.8144
37 0.1776 0.0096 0.8128
38 0.1808 0.0064 0.8128
39 0.1824 0.008 0.8096
40 0.1856 0.0064 0.808
41 0.1856 0.0096 0.8048
42 0.1856 0.0112 0.8032
43 0.1856 0.0128 0.8016
44 0.1856 0.016 0.7984
45 0.1872 0.0176 0.7952
46 0.1888 0.016 0.7952
47 0.1888 0.0176 0.7936
48 0.1888 0.0192 0.792
49 0.1936 0.016 0.7904
50 0.1968 0.0128 0.7904
51 0.2 0.0096 0.7904
52 0.2016 0.008 0.7904
53 0.2016 0.0096 0.7888
54 0.2016 0.0096 0.7888
55 0.2064 0.0048 0.7888
56 0.2064 0.0048 0.7888
57 0.208 0.0064 0.7856
58 0.208 0.0096 0.7824
59 0.2096 0.0144 0.776
60 0.2096 0.016 0.7744
61 0.2096 0.0176 0.7728
62 0.2096 0.0192 0.7712
63 0.2128 0.016 0.7712
64 0.2144 0.0144 0.7712
65 0.216 0.0176 0.7664
66 0.2176 0.016 0.7664
67 0.2192 0.016 0.7648
68 0.2224 0.0128 0.7648
69 0.224 0.0128 0.7632
70 0.224 0.016 0.76
71 0.224 0.0176 0.7584
72 0.2256 0.0208 0.7536
73 0.2288 0.0176 0.7536
74 0.2288 0.0224 0.7488
75 0.2304 0.0224 0.7472
76 0.232 0.024 0.744
77 0.2352 0.0224 0.7424
78 0.2352 0.0224 0.7424
79 0.24 0.0192 0.7408
80 0.24 0.0208 0.7392
81 0.2432 0.0192 0.7376
82 0.2448 0.0208 0.7344
83 0.2464 0.0192 0.7344
84 0.2496 0.0192 0.7312
85 0.2512 0.0224 0.7264
86 0.2512 0.0224 0.7264
87 0.256 0.0208 0.7232
88 0.2576 0.0208 0.7216
89 0.2576 0.0224 0.72
90 0.2592 0.0208 0.72
91 0.2624 0.0192 0.7184
92 0.2624 0.0192 0.7184
93 0.2656 0.0192 0.7152
94 0.2688 0.0192 0.712
95 0.272 0.0192 0.7088
96 0.272 0.0208 0.7072
97 0.2752 0.0224 0.7024
98 0.2768 0.0224 0.7008
99 0.2784 0.0224 0.6992
100 0.0 0.0 1.0
