0 0.0 0.0 1.0
1 0.0 0.0 1.0
2 0.0 0.0 1.0
3 0.0 0.0 1.0
4 0.0 0.0 1.0
5 0.0 0.0 1.0
6 0.0 0.0 1.0
7 0.0 0.0048 0.9952
8 0.0 0.0288 0.9712
9 0.0064 0.0544 0.9392
10 0.0256 0.0464 0.928
11 0.0512 0.0288 0.92
12 0.0672 0.0128 0.92
13 0.0768 0.0032 0.92
14 0.08 0.0 0.92
15 0.08 0.0 0.92
16 0.08 0.0 0.92
17 0.08 0.0 0.92
18 0.08 0.0 0.92
19 0.08 0.0 0.92
20 0.08 0.0 0.92
21 0.08 0.0048 0.9152
22 0.08 0.0128 0.9072
23 0.08 0.0208 0.8992
24 0.08 0.032 0.888
25 0.0848 0.0336 0.8816
26 0.0928 0.0384 0.8688
27 0.0944 0.0448 0.8608
28 0.1008 0.0464 0.8528
29 0.1072 0.0432 0.8496
30 0.1152 0.0384 0.8464
31 0.12 0.0352 0.8448
32 0.1248 0.032 0.8432
33 0.1248 0.032 0.8432
34 0.1296 0.0272 0.8432
35 0.1312 0.0256 0.8432
36 0.1312 0.0288 0.84
37 0.1328 0.032 0.8352
38 0.1376 0.0304 0.832
39 0.1392 0.032 0.8288
40 0.1392 0.0384 0.8224
41 0.1408 0.0384 0.8208
42 0.1472 0.0352 0.8176
43 0.1552 0.0272 0.8176
44 0.1584 0.024 0.8176
45 0.1648 0.0192 0.816
46 0.1712 0.0128 0.816
47 0.1712 0.0144 0.8144
48 0.1712 0.0144 0.8144
49 0.1728 0.0128 0.8144
50 0.1728 0.0128 0.8144
51 0.1728 0.0128 0.8144
52 0.1744 0.0144 0.8112
53 0.1744 0.0144 0.8112
54 0.1744 0.0176 0.808
55 0.1744 0.0176 0.808
56 0.176 0.0192 0.8048
57 0.1808 0.016 0.8032
58 0.1808 0.016 0.8032
59 0.1856 0.0144 0.8
60 0.1856 0.016 0.7984
61 0.1888 0.0128 0.7984
62 0.1888 0.0144 0.7968
63 0.1904 0.0128 0.7968
64 0.1904 0.0128 0.7968
65 0.1936 0.0096 0.7968
66 0.1984 0.0048 0.7968
67 0.1984 0.0064 0.7952
68 0.2 0.0064 0.7936
69 0.2 0.008 0.792
70 0.2 0.0112 0.7888
71 0.2 0.0128 0.7872
72 0.2016 0.0112 0.7872
73 0.2032 0.0128 0.784
74 0.2064 0.0096 0.784
75 0.208 0.0096 0.7824
76 0.208 0.0112 0.7808
77 0.208 0.0112 0.7808
78 0.2096 0.0096 0.7808
79 0.2112 0.008 0.7808
80 0.2144 0.0064 0.7792
81 0.2144 0.008 0.7776
82 0.2144 0.008 0.7776
83 0.2144 0.0112 0.7744
84 0.2144 0.0128 0.7728
85 0.2144 0.0176 0.768
86 0.2176 0.0144 0.768
87 0.2176 0.0144 0.768
88 0.2176 0.0176 0.7648
89 0.2176 0.0176 0.7648
90 0.2176 0.0192 0.7632
91 0.2208 0.016 0.7632
92 0.2256 0.0176 0.7568
93 0.2256 0.0192 0.7552
94 0.232 0.0144 0.7536
95 0.232 0.0144 0.7536
96 0.2352 0.0128 0.752
97 0.2368 0.016 0.7472
98 0.2368 0.0176 0.7456
99 0.2368 0.0224 0.7408
100 0.0 0.0 1.0
