0 0.0 0.0 1.0
1 0.0 0.0 1.0
2 0.0 0.0 1.0
3 0.0 0.0 1.0
4 0.0 0.0 1.0
5 0.0 0.0 1.0
6 0.0 0.0 1.0
7 0.0 0.0 1.0
8 0.0 0.0 1.0
9 0.0 0.0 1.0
10 0.0 0.0 1.0
11 0.0 0.0064 0.9936
12 0.0 0.0144 0.9856
13 0.0016 0.032 0.9664
14 0.0112 0.048 0.9408
15 0.0192 0.0512 0.9296
16 0.032 0.04 0.928
17 0.0512 0.0288 0.92
18 0.064 0.016 0.92
19 0.0752 0.0048 0.92
20 0.0784 0.0016 0.92
21 0.08 0.0 0.92
22 0.08 0.0 0.92
23 0.08 0.0 0.92
24 0.08 0.0 0.92
25 0.08 0.0 0.92
26 0.08 0.0 0.92
27 0.08 0.0 0.92
28 0.08 0.0032 0.9168
29 0.08 0.0048 0.9152
30 0.08 0.0096 0.9104
31 0.08 0.0128 0.9072
32 0.08 0.016 0.904
33 0.0832 0.0176 0.8992
34 0.0848 0.0192 0.896
35 0.0864 0.0224 0.8912
36 0.0896 0.0224 0.888
37 0.096 0.016 0.888
38 0.0992 0.0144 0.8864
39 0.104 0.0112 0.8848
40 0.1072 0.0096 0.8832
41 0.1072 0.0112 0.8816
42 0.1088 0.0112 0.88
43 0.1088 0.0128 0.8784
44 0.1104 0.0112 0.8784
45 0.112 0.0096 0.8784
46 0.112 0.0112 0.8768
47 0.112 0.0176 0.8704
48 0.112 0.0176 0.8704
49 0.112 0.0224 0.8656
50 0.112 0.0272 0.8608
51 0.112 0.0288 0.8592
52 0.1152 0.0288 0.856
53 0.1152 0.0336 0.8512
54 0.1184 0.032 0.8496
55 0.1216 0.0288 0.8496
56 0.1264 0.024 0.8496
57 0.1312 0.0192 0.8496
58 0.1328 0.0192 0.848
59 0.136 0.016 0.848
60 0.1376 0.0144 0.848
61 0.1376 0.0144 0.848
62 0.1376 0.016 0.8464
63 0.1392 0.0176 0.8432
64 0.1392 0.0176 0.8432
65 0.1392 0.0192 0.8416
66 0.1392 0.0208 0.84
67 0.1408 0.0224 0.8368
68 0.1408 0.024 0.8352
69 0.1408 0.024 0.8352
70 0.144 0.0208 0.8352
71 0.144 0.0224 0.8336
72 0.1488 0.0192 0.832
73 0.1488 0.0192 0.832
74 0.1488 0.0208 0.8304
75 0.1488 0.0224 0.8288
76 0.152 0.0192 0.8288
77 0.152 0.0224 0.8256
78 0.152 0.0224 0.8256
79 0.1536 0.0208 0.8256
80 0.1552 0.0224 0.8224
81 0.1552 0.024 0.8208
82 0.1552 0.024 0.8208
83 0.1568 0.024 0.8192
84 0.1584 0.024 0.8176
85 0.1584 0.024 0.8176
86 0.1584 0.0256 0.816
87 0.16 0.0272 0.8128
88 0.1616 0.0256 0.8128
89 0.1616 0.0256 0.8128
90 0.1616 0.0256 0.8128
91 0.1632 0.024 0.8128
92 0.1664 0.0224 0.8112
93 0.1712 0.0176 0.8112
94 0.1712 0.0176 0.8112
95 0.1712 0.0192 0.8096
96 0.1712 0.0208 0.808
97 0.1712 0.0208 0.808
98 0.1712 0.0224 0.8064
99 0.1728 0.0256 0.8016
100 0.0 0.0 1.0
