0 0.0 0.0 1.0
1 0.0016 0.0112 0.9872
2 0.0016 0.016 0.9824
3 0.0048 0.0304 0.9648
4 0.0128 0.0304 0.9568
5 0.0176 0.04 0.9424
6 0.0256 0.04 0.9344
7 0.0368 0.0352 0.928
8 0.0416 0.0416 0.9168
9 0.0448 0.0512 0.904
10 0.0496 0.0512 0.8992
11 0.0624 0.0448 0.8928
12 0.072 0.0448 0.8832
13 0.08 0.0416 0.8784
14 0.0848 0.0416 0.8736
15 0.0864 0.0496 0.864
16 0.0976 0.0416 0.8608
17 0.1056 0.0448 0.8496
18 0.1072 0.048 0.8448
19 0.1104 0.0544 0.8352
20 0.112 0.0592 0.8288
21 0.1136 0.0624 0.824
22 0.1168 0.072 0.8112
23 0.1168 0.0752 0.808
24 0.12 0.08 0.8
25 0.1248 0.0784 0.7968
26 0.136 0.072 0.792
27 0.1424 0.072 0.7856
28 0.144 0.072 0.784
29 0.1504 0.0688 0.7808
30 0.1536 0.0688 0.7776
31 0.1568 0.0688 0.7744
32 0.1584 0.0704 0.7712
33 0.1584 0.072 0.7696
34 0.1584 0.0752 0.7664
35 0.1584 0.0768 0.7648
36 0.16 0.0768 0.7632
37 0.1648 0.0736 0.7616
38 0.1648 0.0752 0.76
39 0.1664 0.0736 0.76
40 0.1664 0.0768 0.7568
41 0.168 0.0768 0.7552
42 0.1712 0.0752 0.7536
43 0.1712 0.0752 0.7536
44 0.1712 0.0784 0.7504
45 0.1712 0.0832 0.7456
46 0.1728 0.0864 0.7408
47 0.1744 0.0912 0.7344
48 0.176 0.0896 0.7344
49 0.1808 0.0864 0.7328
50 0.184 0.0848 0.7312
51 0.184 0.0864 0.7296
52 0.184 0.0896 0.7264
53 0.1856 0.0896 0.7248
54 0.1872 0.0896 0.7232
55 0.1888 0.0896 0.7216
56 0.1888 0.0912 0.72
57 0.1888 0.0976 0.7136
58 0.192 0.0944 0.7136
59 0.1936 0.0992 0.7072
60 0.1968 0.0992 0.704
61 0.2016 0.0944 0.704
62 0.2032 0.0944 0.7024
63 0.2064 0.0944 0.6992
64 0.208 0.096 0.696
65 0.208 0.0992 0.6928
66 0.2096 0.104 0.6864
67 0.2112 0.1088 0.68
68 0.2128 0.1136 0.6736
69 0.2128 0.1184 0.6688
70 0.2144 0.1184 0.6672
71 0.2144 0.1184 0.6672
72 0.216 0.1168 0.6672
73 0.2176 0.1168 0.6656
74 0.2208 0.1152 0.664
75 0.224 0.1136 0.6624
76 0.2256 0.1152 0.6592
77 0.2256 0.1184 0.656
78 0.2272 0.1232 0.6496
79 0.2272 0.1248 0.648
80 0.2288 0.128 0.6432
81 0.2304 0.1264 0.6432
82 0.232 0.128 0.64
83 0.232 0.128 0.64
84 0.2352 0.1296 0.6352
85 0.2352 0.1296 0.6352
86 0.2352 0.1296 0.6352
87 0.2368 0.1344 0.6288
88 0.24 0.1328 0.6272
89 0.2432 0.1344 0.6224
90 0.2496 0.128 0.6224
91 0.2512 0.1312 0.6176
92 0.2512 0.1312 0.6176
93 0.256 0.1296 0.6144
94 0.2576 0.128 0.6144
95 0.2576 0.1312 0.6112
96 0.2576 0.1344 0.608
97 0.2592 0.1344 0.6064
98 0.2608 0.1344 0.6048
99 0.2624 0.1376 0.6
100 0.0 0.0 1.0
