0 0.0 0.0 1.0
1 0.0 0.0016 0.9984
2 0.0 0.0016 0.9984
3 0.0 0.0048 0.9952
4 0.0 0.0128 0.9872
5 0.0 0.0176 0.9824
6 0.0032 0.0224 0.9744
7 0.0032 0.0336 0.9632
8 0.0032 0.0384 0.9584
9 0.0064 0.0384 0.9552
10 0.008 0.0416 0.9504
11 0.0144 0.048 0.9376
12 0.0176 0.0544 0.928
13 0.0208 0.0592 0.92
14 0.0272 0.0576 0.9152
15 0.032 0.0544 0.9136
16 0.0368 0.0608 0.9024
17 0.0432 0.0624 0.8944
18 0.0448 0.0624 0.8928
19 0.0544 0.056 0.8896
20 0.056 0.056 0.888
21 0.0576 0.056 0.8864
22 0.0624 0.0544 0.8832
23 0.0624 0.0544 0.8832
24 0.0656 0.0544 0.88
25 0.0656 0.0592 0.8752
26 0.0672 0.0688 0.864
27 0.0704 0.072 0.8576
28 0.072 0.072 0.856
29 0.0816 0.0688 0.8496
30 0.0832 0.0704 0.8464
31 0.0864 0.0704 0.8432
32 0.0912 0.0672 0.8416
33 0.0928 0.0656 0.8416
34 0.096 0.0624 0.8416
35 0.1008 0.0576 0.8416
36 0.104 0.056 0.84
37 0.1056 0.0592 0.8352
38 0.112 0.0528 0.8352
39 0.1168 0.0496 0.8336
40 0.1168 0.0496 0.8336
41 0.1184 0.0496 0.832
42 0.12 0.0512 0.8288
43 0.12 0.0512 0.8288
44 0.12 0.0512 0.8288
45 0.12 0.0512 0.8288
46 0.12 0.0528 0.8272
47 0.12 0.0544 0.8256
48 0.12 0.056 0.824
49 0.12 0.0608 0.8192
50 0.12 0.064 0.816
51 0.1232 0.0608 0.816
52 0.1232 0.0608 0.816
53 0.1232 0.0624 0.8144
54 0.1264 0.0608 0.8128
55 0.1312 0.0576 0.8112
56 0.1328 0.056 0.8112
57 0.1328 0.056 0.8112
58 0.1328 0.0592 0.808
59 0.1344 0.0592 0.8064
60 0.136 0.0608 0.8032
61 0.1392 0.0624 0.7984
62 0.1408 0.0624 0.7968
63 0.1424 0.064 0.7936
64 0.144 0.064 0.792
65 0.1472 0.0608 0.792
66 0.1488 0.0608 0.7904
67 0.152 0.0592 0.7888
68 0.152 0.0608 0.7872
69 0.1536 0.0592 0.7872
70 0.1536 0.0608 0.7856
71 0.1552 0.0592 0.7856
72 0.1552 0.0608 0.784
73 0.1568 0.0608 0.7824
74 0.16 0.0608 0.7792
75 0.1648 0.0592 0.776
76 0.1648 0.0608 0.7744
77 0.1648 0.0608 0.7744
78 0.1664 0.0608 0.7728
79 0.1664 0.0608 0.7728
80 0.168 0.0608 0.7712
81 0.1696 0.0608 0.7696
82 0.1696 0.0624 0.768
83 0.1728 0.0592 0.768
84 0.1728 0.0624 0.7648
85 0.1744 0.0608 0.7648
86 0.1744 0.0608 0.7648
87 0.1744 0.0624 0.7632
88 0.1744 0.0656 0.76
89 0.1744 0.0688 0.7568
90 0.176 0.0736 0.7504
91 0.176 0.0752 0.7488
92 0.176 0.0752 0.7488
93 0.176 0.08 0.744
94 0.1776 0.08 0.7424
95 0.1776 0.08 0.7424
96 0.1824 0.0752 0.7424
97 0.1824 0.0768 0.7408
98 0.184 0.0768 0.7392
99 0.184 0.0784 0.7376
100 0.0 0.0 1.0
